7.	0.011764098386885623
7.1	0.011784033335110992
7.2	0.011803416501739852
7.3	0.01182232317099364
7.4	0.011840823717588682
7.5	0.011858983898821856
7.6	0.011876865131259648
7.7	0.011894524752571889
7.8	0.011912016269075648
7.9	0.011929389589570023
8.	0.011946691246050124
8.1	0.011963964601890028
8.2	0.011981250048080401
8.3	0.011998585188098742
8.4	0.012016005011978416
8.5	0.01203354206012891
8.6	0.012051226577443064
8.7	0.012069086658209894
8.8	0.01208714838233215
8.9	0.012105435943328621
9.	0.012123971768580787
9.1	0.01214277663226338
9.2	0.012161869761378119
9.3	0.012181268935289806
9.4	0.012200990579144233
9.5	0.0122210498515282
9.6	0.012241460726712998
9.7	0.01226223607180466
9.8	0.01228338771910679
9.9	0.012304926533984678
10.	0.01232686247850356
10.1	0.012349204671098131
10.2	0.012371961442515768
10.3	0.012395140388261823
10.4	0.012418748417762027
10.5	0.012442791800444157
10.6	0.01246727620892934
10.7	0.012492206759511676
10.8	0.012517588050094331
10.9	0.012543424195739934
11.	0.012569718861983426
11.100000000000001	0.012596475296046648
11.2	0.012623696356085142
11.3	0.012651384538589942
11.4	0.012679542004059066
11.5	0.01270817060104686
11.600000000000001	0.01273727188869219
11.7	0.012766847157820413
11.8	0.012796897450708075
11.9	0.012827423579593841
12.	0.012858426144013706
12.100000000000001	0.012889905547033979
12.2	0.012921862010450612
12.3	0.012954295589019445
12.4	0.012987206183777657
12.5	0.013020593554513064
12.600000000000001	0.013054457331434446
12.7	0.013088797026092391
12.8	0.013123612041597595
12.9	0.013158901682180079
13.	0.013194665162130484
13.100000000000001	0.013230901614161723
13.2	0.01326761009722708
13.3	0.01330478960382852
13.4	0.013342439066846847
13.5	0.01338055736592339
13.600000000000001	0.01341914333342108
13.7	0.013458195759991007
13.8	0.013497713399768893
13.9	0.01353769497522452
14.	0.013578139181685617
14.100000000000001	0.013619044691556307
14.2	0.01366041015824922
14.3	0.013702234219848952
14.4	0.013744515502523487
14.5	0.01378725262369937
14.600000000000001	0.01383044419501521
14.7	0.013874088825067294
14.8	0.01391818512196022
14.9	0.013962731695674791
15.	0.014007727160264383
15.1	0.014053170135890606
15.200000000000001	0.014099059250708208
15.3	0.014145393142608698
15.4	0.014192170460831462
15.5	0.0142393898674507
15.6	0.014287050038745985
15.700000000000001	0.014335149666463744
15.8	0.01438368745897647
15.9	0.014432662142346238
16.	0.014482072461298456
16.1	0.014531917180111573
16.200000000000003	0.014582195083428149
16.3	0.01463290497699215
16.4	0.014684045688317333
16.5	0.014735616067291029
16.6	0.014787614986717552
16.700000000000003	0.014840041342805034
16.8	0.014892894055599456
16.9	0.014946172069369231
17.	0.014999874352943601
17.1	0.015053999900007862
17.200000000000003	0.015108547729358272
17.3	0.015163516885119317
17.4	0.015218906436925793
17.5	0.015274715480072166
17.6	0.015330943135631282
17.700000000000003	0.015387588550544607
17.8	0.015444650897685907
17.9	0.015502129375900158
18.	0.01556002321001948
18.1	0.01561833165085759
18.200000000000003	0.01567705397518443
18.3	0.01573618948568222
18.4	0.0157957375108844
18.5	0.015855697405098592
18.6	0.015916068548314857
18.700000000000003	0.015976850346100233
18.8	0.016038042229480617
18.9	0.016099643654811056
19.	0.01616165410363507
19.1	0.01622407308253416
19.200000000000003	0.016286900122968094
19.3	0.016350134781106727
19.4	0.01641377663765413
19.5	0.016477825297665512
19.6	0.01654228039035772
19.700000000000003	0.016607141568913738
19.8	0.01667240851028172
19.9	0.01673808091496916
20.	0.01680415850683242
20.1	0.016870641032862344
20.200000000000003	0.016937528262966055
20.3	0.017004819989745484
20.4	0.017072516028272873
20.5	0.017140616215863685
20.6	0.017209120411847027
20.700000000000003	0.017278028497333987
20.8	0.017347340374984123
20.9	0.017417055968770315
21.	0.01748717522374211
21.1	0.017557698105787924
21.200000000000003	0.017628624601396095
21.3	0.017699954717415065
21.4	0.017771688480812824
21.5	0.017843825938435635
21.6	0.017916367156766463
21.700000000000003	0.017989312221682714
21.8	0.018062661238213935
21.9	0.018136414330299173
22.	0.018210571640544203
22.1	0.01828513332997874
22.200000000000003	0.018360099577813635
22.3	0.018435470581198047
22.4	0.0185112465549768
22.5	0.018587427731447788
22.6	0.01866401436011958
22.700000000000003	0.018741006707469123
22.8	0.018818405056699777
22.9	0.01889620970749936
23.	0.018974420975798587
23.1	0.01905303919352954
23.2	0.019132064708384508
23.3	0.019211497883574836
23.400000000000002	0.01929133909759012
23.5	0.019371588743957467
23.6	0.019452247231000867
23.7	0.019533314981600828
23.8	0.019614792432953852
23.900000000000002	0.01969668003633221
24.	0.01977897825684358
24.1	0.019861687573190737
24.2	0.019944808477431124
24.3	0.020028341474736443
24.400000000000002	0.020112287083151922
24.5	0.02019664583335558
24.6	0.020281418268417124
24.7	0.020366604943556584
24.8	0.020452206425902664
24.900000000000002	0.020538223294250604
25.	0.02062465613881972
25.1	0.020711505561010264
25.2	0.020798772173159872
25.3	0.02088645659829931
25.400000000000002	0.020974559469907558
25.5	0.021063081431666127
25.6	0.02115202313721256
25.7	0.021241385249893118
25.8	0.021331168442514405
25.900000000000002	0.021421373397094132
26.	0.02151200080461065
26.1	0.021603051364751505
26.200000000000003	0.021694525785660626
26.3	0.02178642478368434
26.400000000000002	0.02187874908311599
26.5	0.021971499415939146
26.6	0.022064676521569293
26.700000000000003	0.022158281146594044
26.8	0.022252314044511553
26.900000000000002	0.022346775975467404
27.	0.022441667705989567
27.1	0.022536990008721634
27.200000000000003	0.022632743662153957
27.3	0.02272892945035295
27.400000000000002	0.022825548162688197
27.5	0.022922600593557434
27.6	0.023020087542109356
27.700000000000003	0.023118009811963977
27.8	0.023216368210930805
27.900000000000002	0.023315163550724383
28.	0.023414396646677358
28.1	0.023514068317450985
28.200000000000003	0.023614179384742855
28.3	0.023714730672991916
28.400000000000002	0.023815723009080633
28.5	0.023917157222034212
28.6	0.024019034142716857
28.700000000000003	0.02412135460352493
28.8	0.024224119438076917
28.900000000000002	0.02432732948090027
29.	0.024430985567114826
29.1	0.024535088532112906
29.200000000000003	0.024639639211235912
29.3	0.024744638439447405
29.400000000000002	0.0248500870510026
29.5	0.024955985879114007
29.6	0.025062335755613566
29.700000000000003	0.025169137510610614
29.8	0.025276391972146196
29.900000000000002	0.02538409996584319
30.	0.02549226231455244
30.1	0.025600879837994694
30.200000000000003	0.02570995335239829
30.3	0.025819483670132592
30.400000000000002	0.025929471599336996
30.5	0.026039917943545363
30.6	0.02615082350130621
30.700000000000003	0.026262189065797904
30.8	0.026374015424439495
30.900000000000002	0.026486303358496603
31.	0.02659905364268244
31.1	0.026712267044754177
31.200000000000003	0.026825944325103976
31.3	0.026940086236345223
31.400000000000002	0.027054693522893573
31.5	0.02716976692054266
31.6	0.027285307156034815
31.700000000000003	0.027401314946626225
31.8	0.027517790999646678
31.900000000000002	0.02763473601205412
32.	0.027752150669983197
32.1	0.027870035648288667
32.2	0.02798839161008285
32.3	0.028107219206267502
32.400000000000006	0.028226519075059693
32.5	0.02834629184151206
32.6	0.02846653811702703
32.7	0.028587258498865013
32.8	0.02870845356964665
32.900000000000006	0.028830123896848938
33.	0.02895227003229513
33.1	0.02907489251163861
33.2	0.029197991853840304
33.3	0.02932156856063994
33.400000000000006	0.029445623116020808
33.5	0.029570155985668298
33.6	0.02969516761642184
33.7	0.02982065843572036
33.8	0.029946628851041296
33.900000000000006	0.030073079249332973
34.	0.030200009996440257
34.1	0.030327421436523914
34.2	0.03045531389147274
34.3	0.03058368766030948
34.400000000000006	0.030712543018589795
34.5	0.030841880217794326
34.6	0.030971699484714253
34.7	0.031102001020829814
34.8	0.031232785001682025
34.900000000000006	0.03136405157623773
35.	0.031495800866247516
35.1	0.031628032965597
35.2	0.031760747939651
35.3	0.031893945824591145
35.400000000000006	0.03202762662674633
35.5	0.03216179032191632
35.6	0.03229643685468874
35.7	0.03243156613774884
35.8	0.03256717805118281
35.900000000000006	0.03270327244177395
36.	0.032839849122292146
36.1	0.032976907870776756
36.2	0.03311444842981245
36.3	0.03325247050579861
36.400000000000006	0.03339097376821199
36.5	0.03352995784886252
36.6	0.03366942234114308
36.7	0.03380936679927229
36.8	0.03394979073753093
36.900000000000006	0.03409069362949224
37.	0.03423207490724557
37.1	0.03437393396061411
37.2	0.034516270136366115
37.3	0.0346590827374204
37.400000000000006	0.034802371022045704
37.5	0.03494613420305408
37.6	0.03509037144698877
37.7	0.03523508187330619
37.8	0.03538026455355251
37.900000000000006	0.03552591851053477
38.	0.03567204271748665
38.1	0.03581863609722931
38.2	0.03596569752132702
38.3	0.03611322580923791
38.400000000000006	0.03626121972746033
38.5	0.036409677988674304
38.6	0.036558599250878974
38.7	0.03670798211652565
38.8	0.03685782513164695
38.900000000000006	0.037008126784982345
39.	0.037158885507099705
39.1	0.03731009966951402
39.2	0.03746176758380253
39.300000000000004	0.037613887500717216
39.4	0.03776645760929463
39.5	0.03791947603596307
39.6	0.038072940843647915
39.7	0.038226850030874775
39.800000000000004	0.03838120153087127
39.9	0.03853599321066723
40.	0.038691222870194164
40.1	0.03884688824138367
40.2	0.03900298698726554
40.300000000000004	0.03915951670106588
40.4	0.03931647490530527
40.5	0.03947385905089762
40.6	0.03963166651624983
40.7	0.03978989460636286
40.800000000000004	0.03994854055193432
40.9	0.04010760150846316
41.	0.04026707455535681
41.1	0.040426956695041066
41.2	0.040587244852073164
41.300000000000004	0.040747935872258716
41.4	0.04090902652177245
41.5	0.04107051348628372
41.6	0.04123239337008686
41.7	0.04139466269523697
41.800000000000004	0.041557317900691615
41.9	0.04172035534145907
42.	0.04188377128775325
42.1	0.0420475619241561
42.2	0.04221172334878788
42.300000000000004	0.042376251572485944
42.4	0.04254114251799232
42.5	0.0427063920191511
42.6	0.042871995820115326
42.7	0.04303794957456523
42.800000000000004	0.04320424884493691
42.9	0.04337088910166336
43.	0.04353786572242758
43.1	0.04370517399142853
43.2	0.043872809098661085
43.300000000000004	0.04404076613920961
43.4	0.04420904011255684
43.5	0.04437762592190786
43.6	0.044546518373530394
43.7	0.044715712176111595
43.800000000000004	0.04488520194013249
43.9	0.04505498217726025
44.	0.04522504729975943
44.1	0.04539539161992225
44.2	0.045566009349519376
44.300000000000004	0.0457368945992712
44.4	0.04590804137834067
44.5	0.04607944359384836
44.6	0.04625109505041026
44.7	0.04642298944969946
44.800000000000004	0.04659512039003168
44.9	0.04676748136597623
45.	0.04694006576799268
45.1	0.0471128668820936
45.2	0.04728587788953498
45.300000000000004	0.04745909186653427
45.400000000000006	0.04763250178401711
45.5	0.04780610050739351
45.6	0.04797988079636417
45.7	0.04815383530475725
45.800000000000004	0.04832795658039725
45.900000000000006	0.04850223706500562
46.	0.04867666909413484
46.1	0.0488512448971357
46.2	0.049025956597159435
46.300000000000004	0.04920079621119471
46.400000000000006	0.04937575565014051
46.5	0.04955082671891551
46.6	0.049726001116604704
46.7	0.04990127043664385
46.800000000000004	0.05007662616704245
46.900000000000006	0.05025205969064598
47.	0.05042756228543797
47.1	0.050603125124882575
47.2	0.050778739278308185
47.300000000000004	0.05095439571133294
47.400000000000006	0.05113008528633239
47.5	0.05130579876295028
47.6	0.051481526798652553
47.7	0.05165725994932566
47.800000000000004	0.0518329886699193
47.900000000000006	0.052008703315134255
48.	0.05218439414015595
48.1	0.052360051301433896
48.2	0.052535664857507804
48.300000000000004	0.052711224769880556
48.400000000000006	0.05288672090393864
48.5	0.053062143029920454
48.6	0.05323748082393234
48.7	0.053412723869013704
48.800000000000004	0.05358786165625028
48.900000000000006	0.05376288358593693
49.	0.05393777896878956
49.1	0.05411253702720671
49.2	0.054287146896580825
49.300000000000004	0.05446159762665927
49.400000000000006	0.054635878182955865
49.5	0.05480997744821224
49.6	0.054983884223909436
49.7	0.0551575872318299
49.800000000000004	0.05533107511566975
49.900000000000006	0.05550433644270122
50.	0.05567735970548531
50.1	0.05585013332363458
50.2	0.05602264564562564
50.300000000000004	0.05619488495066181
50.400000000000006	0.05636683945058488
50.5	0.056538497291836375
50.6	0.056709846557467775
50.7	0.056880875269199306
50.800000000000004	0.05705157138952703
50.900000000000006	0.05722192282387777
51.	0.057391917422811446
51.1	0.057561542984270214
51.2	0.05773078725587397
51.300000000000004	0.05789963793726149
51.400000000000006	0.058068082682477026
51.5	0.05823610910240084
51.6	0.05840370476722382
51.7	0.058570857208964947
51.800000000000004	0.05873755392403085
51.900000000000006	0.0589037823758169
52.	0.059069529997348304
52.1	0.05923478419396127
52.2	0.059399532346022195
52.300000000000004	0.059563761811684594
52.400000000000006	0.059727459929682494
52.5	0.05989061402215907
52.6	0.06005321139752962
52.7	0.06021523935337746
52.800000000000004	0.0603766851793817
52.900000000000006	0.0605375361602755
53.	0.060697779578833794
53.1	0.06085740271888859
53.2	0.06101639286837105
53.300000000000004	0.061174737322378714
53.400000000000006	0.061332423386266245
53.5	0.06148943837875857
53.6	0.06164576963508438
53.7	0.061801404510129374
53.800000000000004	0.061956330381606306
53.900000000000006	0.0621105346532416
54.	0.06226400475797587
54.1	0.062416728161177326
54.2	0.06256869236386607
54.300000000000004	0.06271988490594746
54.400000000000006	0.06287029336945311
54.5	0.06301990538178767
54.6	0.06316870861897926
54.7	0.06331669080893237
54.800000000000004	0.06346383973468066
54.900000000000006	0.06361014323763868
55.	0.06375558922084969
55.1	0.06390016565222854
55.2	0.06404386056779741
55.300000000000004	0.06418666207491215
55.400000000000006	0.06432855835547814
55.5	0.06446953766915299
55.6	0.06460958835653464
55.7	0.06474869884233268
55.800000000000004	0.06488685763852123
55.900000000000006	0.06502405334747131
56.	0.06516027466506065
56.1	0.06529551038375954
56.2	0.06542974939569031
56.300000000000004	0.06556298069565869
56.400000000000006	0.0656951933841555
56.5	0.06582637667032626
56.6	0.06595651987490743
56.7	0.06608561243312715
56.800000000000004	0.0662136438975685
56.900000000000006	0.06634060394099413
57.	0.06646648235912983
57.1	0.06659126907340548
57.2	0.06671495413365218
57.300000000000004	0.06683752772075296
57.400000000000006	0.06695898014924623
57.5	0.06707930186987995
57.6	0.06719848347211513
57.7	0.0673165156865768
57.800000000000004	0.06743338938745122
57.900000000000006	0.06754909559482816
58.	0.06766362547698566
58.1	0.06777697035261751
58.2	0.0678891216930006
58.300000000000004	0.06800007112410195
58.400000000000006	0.06810981042862337
58.5	0.0682183315479832
58.6	0.06832562658423337
58.7	0.06843168780191106
58.800000000000004	0.06853650762982397
58.900000000000006	0.06864007866276774
59.	0.06874239366317496
59.1	0.06884344556269491
59.2	0.06894322746370302
59.300000000000004	0.06904173264073882
59.400000000000006	0.06913895454187292
59.5	0.069234886790001
59.6	0.06932952318406485
59.7	0.06942285770019987
59.800000000000004	0.06951488449280843
59.900000000000006	0.06960559789555897
60.	0.06969499242230957
60.1	0.06978306276795695
60.2	0.06986980380920967
60.300000000000004	0.06995521060528563
60.400000000000006	0.07003927839853416
60.5	0.07012200261498147
60.6	0.07020337886480102
60.7	0.07028340294270773
60.800000000000004	0.07036207082827622
60.900000000000006	0.07043937868618386
61.	0.07051532286637827
61.1	0.07058989990416985
61.2	0.07066310652024956
61.300000000000004	0.07073493962063224
61.400000000000006	0.07080539629652648
61.5	0.07087447382413066
61.6	0.07094216966435633
61.7	0.07100848146247983
61.800000000000004	0.0710734070477217
61.900000000000006	0.07113694443275605
62.	0.07119909181314932
62.1	0.07125984756673029
62.2	0.07131921025289176
62.300000000000004	0.0713771786118244
62.400000000000006	0.07143375156368498
62.5	0.07148892820769834
62.6	0.07154270782119579
62.7	0.0715950898585898
62.800000000000004	0.07164607395028665
62.900000000000006	0.07169565990153845
63.	0.07174384769123487
63.1	0.0717906374706371
63.2	0.07183602956205419
63.300000000000004	0.07188002445746347
63.400000000000006	0.071922622817077
63.5	0.07196382546785408
63.6	0.07200363340196299
63.7	0.07204204777519142
63.800000000000004	0.0720790699053089
63.900000000000006	0.07211470127038161
64.	0.07214894350704096
64.1	0.07218179840870849
64.2	0.0722132679237774
64.30000000000001	0.07224335415375334
64.4	0.07227205935135499
64.5	0.07229938591857706
64.6	0.07232533640471636
64.7	0.07234991350436343
64.80000000000001	0.07237312005536027
64.9	0.072394959036727
65.	0.07241543356655804
65.1	0.07243454689989007
65.2	0.07245230242654299
65.30000000000001	0.0724687036689359
65.4	0.0724837542798793
65.5	0.07249745804034524
65.6	0.07250981885721766
65.7	0.07252084076102298
65.80000000000001	0.07253052790364464
65.9	0.07253888455602117
66.	0.07254591510583071
66.1	0.07255162405516304
66.2	0.07255601601818035
66.30000000000001	0.07255909571876928
66.4	0.07256086798818444
66.5	0.07256133776268586
66.6	0.07256051008117177
66.7	0.07255839008280764
66.80000000000001	0.07255498300465307
66.9	0.07255029417928886
67.	0.07254432903244398
67.1	0.07253709308062545
67.2	0.07252859192875138
67.30000000000001	0.07251883126778899
67.4	0.07250781687239881
67.5	0.07249555459858623
67.6	0.07248205038136189
67.7	0.07246731023241154
67.80000000000001	0.0724513402377776
67.9	0.0724341465555523
68.	0.07241573541358448
68.1	0.07239611310720077
68.2	0.07237528599694217
68.30000000000001	0.07235326050631745
68.4	0.07233004311957342
68.5	0.07230564037948445
68.6	0.07228005888516083
68.7	0.07225330528987774
68.80000000000001	0.07222538629892522
68.9	0.07219630866748024
69.	0.07216607919850175
69.1	0.07213470474064879
69.2	0.07210219218622367
69.30000000000001	0.07206854846913949
69.4	0.07203378056291365
69.5	0.0719978954786879
69.6	0.0719609002632748
69.7	0.07192280199723196
69.80000000000001	0.07188360779296459
69.9	0.07184332479285599
70.	0.07180196016742757
70.1	0.07175952111352799
70.2	0.07171601485255226
70.30000000000001	0.07167144862869133
70.4	0.07162582970721172
70.5	0.07157916537276668
70.6	0.07153146292773782
70.7	0.07148272969060897
70.80000000000001	0.07143297299437104
70.9	0.07138220018495917
71.	0.07133041861972156
71.10000000000001	0.07127763566592082
71.2	0.07122385869926745
71.3	0.07116909510248537
71.4	0.0711133522639106
71.5	0.07105663757612174
71.60000000000001	0.07099895843460308
71.7	0.07094032223644048
71.8	0.07088073637904913
71.9	0.07082020825893426
72.	0.0707587452704835
72.10000000000001	0.07069635480479171
72.2	0.07063304424851806
72.3	0.07056882098277432
72.4	0.07050369238204555
72.5	0.07043766581314163
72.60000000000001	0.07037074863418062
72.7	0.07030294819360305
72.8	0.07023427182921657
72.9	0.07016472686727172
73.	0.07009432062156766
73.10000000000001	0.07002306039258792
73.2	0.06995095346666573
73.3	0.06987800711517876
73.4	0.0698042285937727
73.5	0.06972962514161363
73.60000000000001	0.06965420398066852
73.7	0.0695779723150135
73.8	0.0695009373301698
73.9	0.0694231061924667
74.	0.06934448604843088
74.10000000000001	0.06926508402420259
74.2	0.06918490722497683
74.3	0.0691039627344705
74.4	0.06902225761441433
74.5	0.06893979890406896
74.60000000000001	0.06885659361976541
74.7	0.06877264875446878
74.8	0.0686879712773652
74.9	0.0686025681334711
75.	0.06851644624326488
75.10000000000001	0.06842961250233978
75.2	0.06834207378107834
75.3	0.06825383692434692
75.4	0.06816490875121074
75.5	0.06807529605466846
75.60000000000001	0.0679850056014056
75.7	0.06789404413156702
75.8	0.06780241835854701
75.9	0.06771013496879745
76.	0.06761720062165266
76.10000000000001	0.06752362194917123
76.2	0.06742940555599368
76.3	0.06733455801921573
76.4	0.06723908588827701
76.5	0.06714299568486383
76.60000000000001	0.0670462939028265
76.7	0.06694898700811042
76.8	0.06685108143869947
76.9	0.06675258360457324
77.	0.06665349988767555
77.10000000000001	0.06655383664189504
77.2	0.06645360019305703
77.3	0.06635279683892593
77.4	0.06625143284921832
77.5	0.06614951446562573
77.60000000000001	0.06604704790184658
77.7	0.06594403934362765
77.8	0.0658404949488135
77.9	0.06573642084740458
78.	0.0656318231416226
78.10000000000001	0.06552670790598318
78.2	0.06542108118737587
78.3	0.06531494900514984
78.4	0.06520831735120634
78.5	0.06510119219009654
78.60000000000001	0.06499357945912443
78.7	0.06488548506845532
78.8	0.064776914901228
78.9	0.06466787481367187
79.	0.06455837063522757
79.10000000000001	0.06444840816867106
79.2	0.06433799319024111
79.3	0.06422713144976933
79.4	0.064115828670813
79.5	0.0640040905507901
79.60000000000001	0.06389192276111587
79.7	0.06377933094734171
79.8	0.06366632072929464
79.9	0.06355289770121832
80.	0.0634390674319148
80.10000000000001	0.0633248354648866
80.2	0.06321020731847933
80.3	0.06309518848602406
80.4	0.06297978443597982
80.5	0.06286400061207545
80.60000000000001	0.06274784243345084
80.7	0.06263131529479746
80.8	0.06251442456649756
80.9	0.06239717559476247
81.	0.06227957370176925
81.10000000000001	0.06216162418579568
81.2	0.06204333232135378
81.3	0.061924703359320925
81.4	0.06180574252706929
81.5	0.061686455028592824
81.60000000000001	0.061566846044632015
81.7	0.061446920732795805
81.8	0.06132668422768134
81.9	0.061206141640990586
82.	0.06108529806164426
82.10000000000001	0.06096415855589285
82.2	0.06084272816742439
82.3	0.06072101191746927
82.4	0.06059901480490172
82.5	0.060476741806338
82.60000000000001	0.06035419787623135
82.7	0.06023138794696329
82.8	0.06010831692893164
82.9	0.05998498971063482
83.	0.05986141115875285
83.10000000000001	0.059737586118224335
83.2	0.05961351941232022
83.3	0.05948921584271364
83.4	0.059364680189546
83.5	0.059239917211489704
83.60000000000001	0.05911493164580671
83.7	0.0589897282084038
83.80000000000001	0.058864311593883764
83.9	0.058738686475593174
84.	0.05861285750566624
84.10000000000001	0.05848682931506503
84.2	0.058360606513616235
84.30000000000001	0.05823419369004387
84.4	0.05810759541199872
84.5	0.05798081622608408
84.60000000000001	0.057853860657877856
84.7	0.05772673321195138
84.80000000000001	0.05759943837188447
84.9	0.05747198060027721
85.	0.05734436433875854
85.10000000000001	0.057216594007991006
85.2	0.057088674007672965
85.30000000000001	0.05696060871653689
85.4	0.056832402492345
85.5	0.05670405967188153
85.60000000000001	0.05657558457094212
85.7	0.05644698148432036
85.80000000000001	0.056318254685791026
85.9	0.056189408428091135
86.	0.05606044694289764
86.10000000000001	0.055931374440803025
86.2	0.055802195111287846
86.30000000000001	0.055672913122691146
86.4	0.05554353262217822
86.5	0.055414057735706124
86.60000000000001	0.05528449256798694
86.7	0.05515484120244888
86.80000000000001	0.05502510770119528
86.9	0.05489529610496164
87.	0.05476541043307066
87.10000000000001	0.054635454683385626
87.2	0.05450543283226193
87.30000000000001	0.054375348834496885
87.4	0.05424520662327827
87.5	0.05411501011013114
87.60000000000001	0.05398476318486327
87.7	0.05385446971550962
87.80000000000001	0.05372413354827516
87.9	0.05359375850747703
88.	0.05346334839548526
88.10000000000001	0.05333290699266302
88.2	0.05320243805730559
88.30000000000001	0.05307194532557904
88.4	0.05294143251145773
88.5	0.052810903306661806
88.60000000000001	0.05268036138059366
88.7	0.052549810380274564
88.80000000000001	0.05241925393028037
88.9	0.0522886956326776
89.	0.05215813906695902
89.10000000000001	0.052027587789979034
89.2	0.05189704533588967
89.30000000000001	0.051766515216076094
89.4	0.05163600091909253
89.5	0.05150550591059852
89.60000000000001	0.0513750336332954
89.7	0.051244587506863296
89.80000000000001	0.05111417092789849
89.9	0.05098378726985149
90.	0.05085343988296568
90.10000000000001	0.05072313209421654
90.2	0.050592867207252055
90.30000000000001	0.05046264850233336
90.4	0.050332479236276984
90.5	0.05020236264239751
90.60000000000001	0.05007230193045153
90.7	0.049942300286582815
90.80000000000001	0.04981236087326836
90.9	0.0496824868292659
91.	0.049552681269562665
91.10000000000001	0.04942294728532533
91.2	0.04929328794385157
91.30000000000001	0.049163706288522915
91.4	0.04903420533875922
91.5	0.04890478808997447
91.60000000000001	0.048775457513534445
91.7	0.04864621655671593
91.80000000000001	0.04851706814266747
91.9	0.04838801517037213
92.	0.04825906051461174
92.10000000000001	0.048130207025933104
92.2	0.048001457530616104
92.30000000000001	0.047872814830643554
92.4	0.04774428170367305
92.5	0.047615860903010745
92.60000000000001	0.04748755515758716
92.7	0.0473593671719349
92.80000000000001	0.047231299626168476
92.9	0.047103355175966255
93.	0.046975536452554416
93.10000000000001	0.04684784606269291
93.2	0.04672028658866391
93.30000000000001	0.04659286058826192
93.4	0.046465570594786565
93.5	0.046338419117037184
93.60000000000001	0.046211408639309795
93.7	0.0460845416213963
93.80000000000001	0.045957820498585863
93.9	0.045831247681668484
94.	0.045704825556941005
94.10000000000001	0.045578556486215095
94.2	0.04545244280682781
94.30000000000001	0.04532648683165426
94.4	0.045200690849122434
94.5	0.04507505712323063
94.60000000000001	0.04494958789356679
94.7	0.0448242853753305
94.80000000000001	0.04469915175935683
94.9	0.044574189212142935
95.	0.044449399875876434
95.10000000000001	0.044324785868466526
95.2	0.044200349283577016
95.30000000000001	0.04407609219066171
95.4	0.04395201663500223
95.5	0.04382812463774771
95.60000000000001	0.043704418195957016
95.7	0.04358089928264312
95.80000000000001	0.043457569846819546
95.9	0.043334431813549214
96.	0.0432114870839953
96.10000000000001	0.04308873753547419
96.2	0.042966185021510936
96.30000000000001	0.04284383137189639
96.4	0.042721678392746806
96.5	0.04259972786656531
96.60000000000001	0.04247798155230542
96.7	0.04235644118543705
96.80000000000001	0.042235108478013816
96.9	0.04211398511874303
97.	0.04199307277305732
97.10000000000001	0.041872373083188245
97.2	0.04175188766824209
97.30000000000001	0.04163161812427712
97.4	0.041511566024383335
97.5	0.0413917329187635
97.60000000000001	0.0412721203348164
97.7	0.04115272977722187
97.80000000000001	0.04103356272802739
97.9	0.04091462064673676
98.	0.04079590497040019
98.10000000000001	0.040677417113706434
98.2	0.04055915846907632
98.30000000000001	0.04044113040675799
98.4	0.040323334274924065
98.5	0.04020577139976985
98.60000000000001	0.04008844308561358
98.7	0.039971350614998034
98.80000000000001	0.039854495248793594
98.9	0.03973787822630286
99.	0.039621500765366705
99.10000000000001	0.03950536406247162
99.2	0.03938946929285868
99.30000000000001	0.039273817610633664
99.4	0.039158410148878525
99.5	0.03904324801976423
99.60000000000001	0.03892833231466479
99.7	0.0388136641042725
99.80000000000001	0.038699244438714454
99.9	0.0385850743476702
100.	0.03847115484049043
100.10000000000001	0.03835748690631684
100.2	0.03824407151420322
100.30000000000001	0.03813090961323723
100.4	0.038018002132663514
100.5	0.037905349982007557
100.60000000000001	0.037792954051200686
100.7	0.03768081521070581
100.80000000000001	0.0375689343116441
100.9	0.03745731218592259
101.	0.03734594964636254
101.10000000000001	0.037234847486828475
101.2	0.03712400648235827
101.30000000000001	0.03701342738929363
101.4	0.036903110945411516
101.5	0.03679305787005608
101.60000000000001	0.036683268864271416
101.7	0.036573744610934655
101.80000000000001	0.03646448577488989
101.9	0.036355493003082606
102.	0.036246766924694356
102.10000000000001	0.036138308151278366
102.2	0.036030117276895327
102.30000000000001	0.03592219487824957
102.4	0.035814541514825896
102.5	0.03570715772902656
102.60000000000001	0.0356000440463087
102.7	0.03549320097532207
102.80000000000001	0.03538662900804712
102.9	0.03528032861993325
103.	0.03517430027003737
103.10000000000001	0.03506854440116264
103.2	0.03496306143999758
103.30000000000001	0.034857851797254924
103.4	0.034752915867811165
103.5	0.03464825403084573
103.60000000000001	0.034543866649980555
103.7	0.034439754073419586
103.80000000000001	0.03433591663408835
103.9	0.0342323546497737
104.	0.03412906842326318
104.10000000000001	0.03402605824248471
104.2	0.03392332438064623
104.30000000000001	0.03382086709637496
104.4	0.03371868663385686
104.5	0.03361678322297592
104.60000000000001	0.03351515707945314
104.7	0.03341380840498567
104.80000000000001	0.03331273738738542
104.9	0.033211944200717776
105.	0.033111429005439896
105.10000000000001	0.03301119194853886
105.2	0.032911233163669604
105.30000000000001	0.03281155277129246
105.4	0.03271215087881053
105.5	0.03261302758070663
105.60000000000001	0.03251418295868007
105.7	0.03241561708178292
105.80000000000001	0.03231733000655602
105.9	0.032219321777164585
106.	0.03212159242553342
106.10000000000001	0.032024141971481665
106.2	0.0319269704228573
106.30000000000001	0.03183007777567093
106.4	0.03173346401422944
106.5	0.03163712911126885
106.60000000000001	0.03154107302808692
106.7	0.03144529571467526
106.80000000000001	0.031349797109850704
106.9	0.03125457714138649
107.	0.03115963572614258
107.10000000000001	0.03106497277019566
107.2	0.030970588168968537
107.30000000000001	0.030876481807358826
107.4	0.030782653559867295
107.5	0.030689103290725363
107.60000000000001	0.03059583085402216
107.7	0.030502836093830928
107.80000000000001	0.030410118844334807
107.9	0.03031767892995195
108.	0.030225516165459994
108.10000000000001	0.030133630356119913
108.2	0.030042021297799266
108.30000000000001	0.029950688777094545
108.4	0.02985963257145317
108.5	0.029768852449294524
108.60000000000001	0.029678348170130372
108.7	0.0295881194846847
108.80000000000001	0.029498166135012657
108.9	0.029408487854618928
109.	0.02931908436857525
109.10000000000001	0.029229955393637333
109.2	0.029141100638360964
109.30000000000001	0.029052519803217353
109.4	0.028964212580707825
109.5	0.028876178655477636
109.60000000000001	0.028788417704429123
109.7	0.028700929396834125
109.80000000000001	0.028613713394445406
109.9	0.02852676935160768
110.	0.028440096915367512
110.10000000000001	0.02835369572558259
110.2	0.028267565415030296
110.30000000000001	0.028181705609515318
110.4	0.028096115927976565
110.5	0.028010795982593338
110.60000000000001	0.02792574537889051
110.7	0.02784096371584325
110.80000000000001	0.02775645058598048
110.9	0.027672205575488072
111.	0.0275882282643107
111.10000000000001	0.027504518226253282
111.2	0.0274210750290815
111.30000000000001	0.02733789823462137
111.4	0.027254987398858184
111.5	0.027172342072034613
111.60000000000001	0.027089961798747845
111.7	0.027007846118046158
111.80000000000001	0.026925994563524434
111.9	0.026844406663419022
112.	0.026763081940701705
112.10000000000001	0.026682019913172938
112.2	0.026601220093554177
112.30000000000001	0.0265206819895794
112.4	0.026440405104085928
112.5	0.02636038893510433
112.60000000000001	0.026280632975947463
112.7	0.026201136715298938
112.80000000000001	0.026121899637300473
112.9	0.026042921221638673
113.	0.02596420094363087
113.10000000000001	0.02588573827431018
113.2	0.02580753268050992
113.30000000000001	0.025729583624946865
113.4	0.025651890566304143
113.5	0.025574452959312894
113.60000000000001	0.025497270254833507
113.7	0.025420341899935906
113.80000000000001	0.02534366733797889
113.9	0.02526724600868904
114.	0.025191077348238458
114.10000000000001	0.025115160789321994
114.2	0.025039495761233602
114.30000000000001	0.024964081689941867
114.4	0.024888917998164846
114.5	0.024814004105444022
114.60000000000001	0.024739339428217624
114.7	0.024664923379893112
114.80000000000001	0.024590755370918815
114.9	0.024516834808855015
115.	0.02444316109844407
115.10000000000001	0.024369733641679853
115.2	0.024296551837876504
115.30000000000001	0.024223615083736386
115.4	0.024150922773417217
115.5	0.02407847429859865
115.60000000000001	0.024006269048547895
115.7	0.023934306410184843
115.80000000000001	0.02386258576814624
115.9	0.0237911065048493
116.	0.0237198680005545
116.10000000000001	0.02364886963342772
116.2	0.023578110779601664
116.30000000000001	0.023507590813236494
116.4	0.023437309106579887
116.5	0.023367265030026292
116.60000000000001	0.02329745795217556
116.7	0.023227887239890825
116.80000000000001	0.023158552258355718
116.9	0.023089452371130945
117.	0.023020586940210103
117.10000000000001	0.022951955326074892
117.2	0.022883556887749675
117.30000000000001	0.022815390982855222
117.4	0.02274745696766205
117.5	0.022679754197142833
117.60000000000001	0.022612282025024365
117.7	0.022545039803838793
117.80000000000001	0.022478026884974203
117.9	0.022411242618724587
118.	0.02234468635433921
118.10000000000001	0.022278357440071242
118.2	0.022212255223225934
118.30000000000001	0.02214637905020799
118.4	0.02208072826656851
118.5	0.022015302217051128
118.60000000000001	0.02195010024563775
118.7	0.02188512169559352
118.80000000000001	0.0218203659095113
118.9	0.021755832229355527
119.	0.02169151999650545
119.10000000000001	0.021627428551797834
119.2	0.02156355723556911
119.30000000000001	0.02149990538769685
119.4	0.021436472347640803
119.5	0.021373257454483253
119.60000000000001	0.021310260046968916
119.7	0.02124747946354427
119.80000000000001	0.021184915042396203
119.9	0.021122566121490407
120.	0.021060432038608884
120.10000000000001	0.020998512131387165
120.2	0.020936805737350978
120.30000000000001	0.02087531219395223
120.4	0.020814030838604697
120.5	0.020752961008718998
120.60000000000001	0.02069210204173717
120.7	0.02063145327516677
120.80000000000001	0.020571014046614336
120.9	0.020510783693818507
121.	0.02045076155468255
121.10000000000001	0.02039094696730641
121.2	0.020331339270018404
121.30000000000001	0.020271937801406195
121.4	0.020212741900347574
121.5	0.020153750906040525
121.60000000000001	0.020094964158033007
121.7	0.020036380996252177
121.80000000000001	0.019978000761033208
121.9	0.019919822793147638
122.	0.019861846433831237
122.10000000000001	0.01980407102481152
122.2	0.01974649590833478
122.30000000000001	0.0196891204271926
122.4	0.01963194392474815
122.5	0.019574965744961828
122.60000000000001	0.019518185232416586
122.7	0.019461601732342976
122.80000000000001	0.019405214590643458
122.9	0.019349023153916622
123.	0.019293026769480855
123.10000000000001	0.01923722478539763
123.2	0.01918161655049442
123.30000000000001	0.019126201414387183
123.4	0.019070978727502543
123.5	0.019015947841099473
123.60000000000001	0.018961108107290698
123.7	0.01890645887906374
123.80000000000001	0.01885199951030148
123.9	0.018797729355802432
124.	0.018743647771300713
124.10000000000001	0.01868975411348548
124.2	0.018636047740020267
124.30000000000001	0.018582528009561713
124.4	0.018529194281778148
124.5	0.018476045917367668
124.60000000000001	0.018423082278076045
124.7	0.018370302726714215
124.80000000000001	0.01831770662717537
124.9	0.01826529334445189
125.	0.018213062244651763
125.10000000000001	0.018161012695014852
125.2	0.018109144063928773
125.30000000000001	0.018057455720944453
125.4	0.01800594703679139
125.5	0.017954617383392622
125.60000000000001	0.01790346613387939
125.7	0.01785249266260554
125.80000000000001	0.01780169634516152
125.9	0.017751076558388253
126.	0.017700632680390568
126.10000000000001	0.01765036409055044
126.2	0.01760027016953996
126.30000000000001	0.017550350299333942
126.4	0.017500603863222344
126.5	0.017451030245822393
126.60000000000001	0.01740162883309042
126.7	0.01735239901233348
126.80000000000001	0.017303340172220676
126.9	0.017254451702794223
127.	0.017205732995480286
127.10000000000001	0.017157183443099557
127.2	0.01710880243987762
127.30000000000001	0.01706058938145493
127.4	0.01701254366489681
127.5	0.016964664688702957
127.60000000000001	0.016916951852816817
127.7	0.016869404558634823
127.80000000000001	0.016822022209015183
127.9	0.016774804208286694
128.	0.016727749962257125
128.10000000000002	0.016680858878221495
128.2	0.016634130364970145
128.3	0.016587563832796474
128.4	0.01654115869350466
128.5	0.016494914360416946
128.60000000000002	0.016448830248380925
128.7	0.016402905773776524
128.8	0.01635714035452271
128.9	0.016311533410084213
129.	0.016266084361477855
129.10000000000002	0.016220792631278767
129.2	0.01617565764362645
129.3	0.016130678824230516
129.4	0.016085855600376484
129.5	0.016041187400931124
129.60000000000002	0.015996673656347816
129.7	0.015952313798671652
129.8	0.0159081072615443
129.9	0.01586405348020896
130.	0.01582015189151472
130.10000000000002	0.015776401933921203
130.2	0.015732803047502707
130.3	0.01568935467395232
130.4	0.015646056256585966
130.5	0.01560290724034606
130.60000000000002	0.015559907071805204
130.7	0.015517055199169717
130.8	0.01547435107228285
130.9	0.015431794142628071
131.	0.015389383863332023
131.10000000000002	0.015347119689167452
131.2	0.01530500107655599
131.3	0.01526302748357062
131.4	0.015221198369938342
131.5	0.015179513197042367
131.60000000000002	0.015137971427924325
131.7	0.015096572527286418
131.8	0.015055315961493227
131.9	0.015014201198573654
132.	0.014973227708222502
132.10000000000002	0.014932394961802072
132.2	0.014891702432343636
132.3	0.014851149594548634
132.4	0.014810735924790028
132.5	0.014770460901113251
132.60000000000002	0.014730324003237224
132.7	0.01469032471255524
132.8	0.014650462512135599
132.9	0.014610736886722375
133.	0.014571147322735817
133.10000000000002	0.014531693308272827
133.2	0.014492374333107303
133.3	0.014453189888690208
133.4	0.014414139468149869
133.5	0.014375222566291826
133.60000000000002	0.014336438679598815
133.7	0.014297787306230592
133.8	0.014259267946023578
133.9	0.014220880100490569
134.	0.014182623272820228
134.10000000000002	0.014144496967876497
134.2	0.014106500692198053
134.3	0.014068633953997425
134.4	0.014030896263160324
134.5	0.01399328713124463
134.60000000000002	0.013955806071479464
134.7	0.013918452598764132
134.8	0.013881226229666874
134.9	0.01384412648242381
135.	0.013807152876937472
135.1	0.013770304934775523
135.20000000000002	0.013733582179169243
135.3	0.01369698413501208
135.4	0.013660510328857978
135.5	0.013624160288919697
135.6	0.013587933545067167
135.70000000000002	0.013551829628825559
135.8	0.013515848073373526
135.9	0.01347998841354118
136.	0.013444250185808108
136.1	0.013408632928301325
136.20000000000002	0.013373136180793097
136.3	0.013337759484698843
136.4	0.013302502383074743
136.5	0.013267364420615558
136.6	0.013232345143652189
136.70000000000002	0.013197444100149253
136.8	0.013162660839702665
136.9	0.01312799491353702
137.	0.01309344587450305
137.1	0.013059013277075001
137.20000000000002	0.013024696677347892
137.3	0.012990495633034815
137.4	0.01295640970346413
137.5	0.012922438449576608
137.6	0.01288858143392258
137.70000000000002	0.01285483822065895
137.8	0.012821208375546305
137.9	0.012787691465945808
138.	0.01275428706081615
138.1	0.012720994730710486
138.20000000000002	0.012687814047773215
138.3	0.012654744585736876
138.4	0.01262178591991882
138.5	0.012588937627218019
138.6	0.012556199286111708
138.70000000000002	0.01252357047665206
138.8	0.012491050780462828
138.9	0.012458639780735855
139.	0.012426337062227708
139.1	0.012394142211256136
139.20000000000002	0.012362054815696548
139.3	0.01233007446497851
139.4	0.012298200750082108
139.5	0.01226643326353435
139.6	0.012234771599405541
139.70000000000002	0.012203215353305569
139.8	0.012171764122380243
139.9	0.012140417505307538
140.	0.012109175102293823
140.1	0.01207803651507011
140.20000000000002	0.012047001346888202
140.3	0.01201606920251691
140.4	0.01198523968823814
140.5	0.011954512411843013
140.6	0.011923886982627994
140.70000000000002	0.0118933630113909
140.8	0.011862940110427052
140.9	0.01183261789352515
141.	0.0118023959759634
141.1	0.011772273974505441
141.20000000000002	0.01174225150739632
141.3	0.011712328194358461
141.4	0.011682503656587533
141.5	0.01165277751674842
141.6	0.01162314939897109
141.70000000000002	0.01159361892884643
141.8	0.011564185733422197
141.9	0.011534849441198754
142.	0.011505609682124981
142.1	0.011476466087594025
142.20000000000002	0.011447418290439144
142.3	0.011418465924929474
142.4	0.011389608626765793
142.5	0.01136084603307629
142.6	0.011332177782412314
142.70000000000002	0.01130360351474408
142.8	0.01127512287145644
142.9	0.011246735495344579
143.	0.01121844103060967
143.1	0.011190239122854644
143.20000000000002	0.011162129419079807
143.3	0.011134111567678568
143.4	0.011106185218433052
143.5	0.011078350022509793
143.6	0.011050605632455378
143.70000000000002	0.01102295170219206
143.8	0.010995387887013455
143.9	0.010967913843580085
144.	0.01094052922991509
144.1	0.010913233705399757
144.20000000000002	0.010886026930769193
144.3	0.010858908568107933
144.4	0.010831878280845478
144.5	0.010804935733751955
144.6	0.010778080592933678
144.70000000000002	0.010751312525828742
144.8	0.010724631201202633
144.9	0.010698036289143753
145.	0.010671527461059066
145.1	0.010645104389669622
145.20000000000002	0.010618766749006164
145.3	0.01059251421440469
145.4	0.010566346462502037
145.5	0.010540263171231414
145.6	0.010514264019818021
145.70000000000002	0.010488348688774593
145.8	0.010462516859896976
145.9	0.010436768216259683
146.	0.010411102442211488
146.1	0.010385519223370967
146.20000000000002	0.010360018246622082
146.3	0.010334599200109783
146.4	0.010309261773235523
146.5	0.010284005656652877
146.6	0.010258830542263106
146.70000000000002	0.010233736123210718
146.8	0.010208722093879106
146.9	0.010183788149886056
147.	0.010158933988079384
147.1	0.010134159306532506
147.20000000000002	0.010109463804540053
147.3	0.010084847182613436
147.4	0.01006030914247648
147.5	0.010035849387060992
147.6	0.010011467620502403
147.70000000000002	0.00998716354813534
147.8	0.009962936876489312
147.9	0.009938787313284254
148.	0.009914714567426203
148.1	0.009890718349002913
148.20000000000002	0.009866798369279482
148.3	0.00984295434069404
148.4	0.00981918597685333
148.5	0.009795492992528423
148.6	0.009771875103650334
148.70000000000002	0.009748332027305715
148.8	0.009724863481732529
148.9	0.009701469186315703
149.	0.009678148861582832
149.1	0.009654902229199886
149.20000000000002	0.009631729011966862
149.3	0.009608628933813566
149.4	0.009585601719795254
149.5	0.009562647096088386
149.6	0.009539764789986346
149.70000000000002	0.0095169545298952
149.8	0.009494216045329419
149.9	0.00947154906690763
150.	0.00944895332634839
150.1	0.009426428556465938
150.20000000000002	0.009403974491165989
150.3	0.00938159086544151
150.4	0.009359277415368523
150.5	0.009337033878101883
150.6	0.009314859991871125
150.70000000000002	0.009292755495976237
150.8	0.009270720130783554
150.9	0.00924875363772154
151.	0.009226855759276651
151.1	0.009205026238989203
151.20000000000002	0.009183264821449228
151.3	0.009161571252292364
151.4	0.009139945278195715
151.5	0.009118386646873766
151.6	0.009096895107074282
151.70000000000002	0.00907547040857421
151.8	0.009054112302175645
151.9	0.009032820539701713
152.	0.00901159487399254
152.1	0.008990435058901207
152.20000000000002	0.008969340849289709
152.3	0.008948312001024953
152.4	0.008927348270974704
152.5	0.008906449417003606
152.6	0.008885615197969198
152.70000000000002	0.008864845373717902
152.8	0.008844139705081085
152.9	0.008823497953871067
153.	0.008802919882877193
153.1	0.008782405255861886
153.20000000000002	0.008761953837556695
153.3	0.008741565393658442
153.4	0.008721239690825243
153.5	0.008700976496672647
153.6	0.008680775579769753
153.70000000000002	0.008660636709635322
153.8	0.00864055965673395
153.9	0.008620544192472154
154.	0.008600590089194607
154.1	0.008580697120180248
154.20000000000002	0.008560865059638488
154.3	0.008541093682705446
154.4	0.008521382765440077
154.5	0.00850173208482044
154.6	0.00848214141873993
154.70000000000002	0.008462610546003481
154.8	0.008443139246323882
154.9	0.008423727300317964
155.	0.00840437448950294
155.1	0.008385080596292662
155.20000000000002	0.008365845403993913
155.3	0.008346668696802752
155.4	0.008327550259800807
155.5	0.008308489878951617
155.6	0.008289487341096977
155.70000000000002	0.0082705424339533
155.8	0.008251654946108002
155.9	0.008232824667015857
156.	0.008214051386995406
156.1	0.008195334897225353
156.20000000000002	0.008176674989740996
156.3	0.008158071457430666
156.4	0.008139524094032125
156.5	0.00812103269412908
156.6	0.008102597053147595
156.70000000000002	0.008084216967352597
156.8	0.008065892233844373
156.9	0.008047622650555055
157.	0.008029408016245122
157.1	0.008011248130499964
157.20000000000002	0.007993142793726395
157.3	0.007975091807149205
157.4	0.007957094972807726
157.5	0.0079391520935524
157.6	0.007921262973041377
157.70000000000002	0.0079034274157371
157.8	0.007885645226902934
157.9	0.007867916212599762
158.	0.007850240179682652
158.1	0.00783261693579747
158.20000000000002	0.007815046289377556
158.3	0.007797528049640416
158.4	0.007780062026584358
158.5	0.007762648030985226
158.6	0.007745285874393082
158.70000000000002	0.007727975369128942
158.8	0.0077107163282815125
158.9	0.007693508565703899
159.	0.00767635189601041
159.1	0.007659246134573272
159.20000000000002	0.007642191097519454
159.3	0.007625186601727446
159.4	0.0076082324648240355
159.5	0.007591328505181153
159.6	0.007574474541912693
159.70000000000002	0.0075576703948713455
159.8	0.007540915884645455
159.9	0.007524210832555878
160.	0.007507555060652857
160.1	0.007490948391712908
160.20000000000002	0.0074743906492357225
160.3	0.007457881657441085
160.4	0.007441421241265775
160.5	0.007425009226360521
160.60000000000002	0.007408645439086923
160.70000000000002	0.007392329706514451
160.8	0.007376061856417367
160.9	0.007359841717271735
161.	0.0073436691182524145
161.10000000000002	0.0073275438892300435
161.20000000000002	0.007311465860768089
161.3	0.007295434864119843
161.4	0.007279450731225475
161.5	0.007263513294709095
161.60000000000002	0.007247622387875788
161.70000000000002	0.007231777844708725
161.8	0.007215979499866222
161.9	0.0072002271886788425
162.	0.00718452074714652
162.10000000000002	0.007168860011935657
162.20000000000002	0.007153244820376291
162.3	0.0071376750104592
162.4	0.007122150420833079
162.5	0.007106670890801712
162.60000000000002	0.007091236260321127
162.70000000000002	0.007075846369996814
162.8	0.007060501061080905
162.9	0.007045200175469398
163.	0.007029943555699368
163.10000000000002	0.007014731044946209
163.20000000000002	0.0069995624870209
163.3	0.006984437726367213
163.4	0.006969356608059029
163.5	0.006954318977797595
163.60000000000002	0.006939324681908821
163.70000000000002	0.00692437356734058
163.8	0.006909465481660019
163.9	0.0068946002730508795
164.	0.006879777790310845
164.10000000000002	0.006864997882848876
164.20000000000002	0.0068502604006825734
164.3	0.006835565194435545
164.4	0.006820912115334771
164.5	0.006806301015208011
164.60000000000002	0.006791731746481203
164.70000000000002	0.006777204162175864
164.8	0.006762718115906526
164.9	0.006748273461878147
165.	0.006733870054883576
165.10000000000002	0.006719507750301
165.20000000000002	0.006705186404091411
165.3	0.006690905872796068
165.4	0.006676666013534007
165.5	0.006662466683999513
165.60000000000002	0.006648307742459641
165.70000000000002	0.006634189047751739
165.8	0.0066201104592809625
165.9	0.006606071837017816
166.	0.006592073041495703
166.10000000000002	0.006578113933808501
166.20000000000002	0.006564194375608106
166.3	0.0065503142291020245
166.4	0.0065364733570509705
166.5	0.006522671622766452
166.60000000000002	0.006508908890108388
166.70000000000002	0.006495185023482743
166.8	0.006481499887839128
166.9	0.006467853348668477
167.	0.006454245272000662
167.10000000000002	0.006440675524402184
167.20000000000002	0.00642714397297384
167.3	0.006413650485348386
167.4	0.006400194929688247
167.5	0.006386777174683207
167.60000000000002	0.006373397089548126
167.70000000000002	0.00636005454402067
167.8	0.006346749408359021
167.9	0.006333481553339629
168.	0.006320250850254971
168.10000000000002	0.006307057170911284
168.20000000000002	0.0062939003876263805
168.3	0.006280780373227383
168.4	0.006267697001048526
168.5	0.006254650144928976
168.60000000000002	0.006241639679210607
168.70000000000002	0.0062286654787358535
168.8	0.006215727418845502
168.9	0.006202825375376552
169.	0.006189959224660055
169.10000000000002	0.006177128843518972
169.20000000000002	0.006164334109266034
169.3	0.006151574899701618
169.4	0.006138851093111637
169.5	0.006126162568265418
169.60000000000002	0.006113509204413623
169.70000000000002	0.006100890881286145
169.8	0.006088307479090041
169.9	0.006075758878507444
170.	0.006063244960693523
170.10000000000002	0.0060507656072744
170.20000000000002	0.006038320700345159
170.3	0.006025910122467751
170.4	0.0060135337566690076
170.5	0.006001191486438616
170.60000000000002	0.005988883195727102
170.70000000000002	0.005976608768943845
170.8	0.00596436809095508
170.9	0.005952161047081912
171.	0.00593998752309836
171.10000000000002	0.005927847405229365
171.20000000000002	0.005915740580148882
171.3	0.00590366693497788
171.4	0.0058916263572824324
171.5	0.005879618735071792
171.60000000000002	0.005867643956796458
171.70000000000002	0.005855701911346274
171.8	0.005843792488048513
171.9	0.005831915576665992
172.	0.005820071067395174
172.10000000000002	0.0058082588508643115
172.20000000000002	0.005796478818131552
172.3	0.0057847308606830935
172.4	0.005773014870431317
172.5	0.0057613307397129535
172.60000000000002	0.005749678361287242
172.70000000000002	0.005738057628334105
172.8	0.005726468434452316
172.9	0.005714910673657708
173.	0.005703384240381343
173.10000000000002	0.0056918890294677315
173.20000000000002	0.005680424936173056
173.3	0.005668991856163361
173.4	0.005657589685512806
173.5	0.0056462183207018875
173.60000000000002	0.00563487765861568
173.70000000000002	0.005623567596542114
173.8	0.0056122880321702
173.9	0.005601038863588313
174.	0.005589819989282466
174.10000000000002	0.0055786313081345905
174.20000000000002	0.005567472719420838
174.3	0.005556344122809857
174.4	0.005545245418361112
174.5	0.005534176506523195
174.60000000000002	0.005523137288132145
174.70000000000002	0.005512127664409778
174.8	0.005501147536962026
174.9	0.005490196807777264
175.	0.005479275379224683
175.10000000000002	0.005468383154052627
175.20000000000002	0.005457520035386991
175.3	0.005446685926729543
175.4	0.005435880731956356
175.5	0.005425104355316161
175.60000000000002	0.005414356701428757
175.70000000000002	0.0054036376752834145
175.8	0.0053929471822372725
175.9	0.0053822851280137685
176.	0.005371651418701046
176.10000000000002	0.005361045960750405
176.20000000000002	0.0053504686609747295
176.3	0.0053399194265469265
176.4	0.005329398164998386
176.5	0.005318904784217443
176.60000000000002	0.005308439192447822
176.70000000000002	0.005298001298287152
176.8	0.005287591010685395
176.9	0.005277208238943369
177.	0.005266852892711226
177.10000000000002	0.005256524881986954
177.20000000000002	0.005246224117114893
177.3	0.005235950508784232
177.4	0.005225703968027547
177.5	0.00521548440621931
177.60000000000002	0.005205291735074437
177.70000000000002	0.005195125866646831
177.8	0.005184986713327905
177.9	0.005174874187845167
178.	0.00516478820326076
178.10000000000002	0.005154728672970028
178.20000000000002	0.005144695510700109
178.3	0.005134688630508491
178.4	0.0051247079467816046
178.5	0.005114753374233426
178.60000000000002	0.005104824827904066
178.70000000000002	0.0050949222231583755
178.8	0.005085045475684563
178.9	0.005075194501492799
179.	0.00506536921691387
179.10000000000002	0.0050555695385977595
179.20000000000002	0.0050457953835123396
179.3	0.005036046668941972
179.4	0.005026323312486178
179.5	0.0050166252320582826
179.60000000000002	0.005006952345884084
179.70000000000002	0.004997304572500523
179.8	0.004987681830754344
179.9	0.004978084039800781
180.	0.0049685111191022455
180.10000000000002	0.004958962988427007
180.20000000000002	0.004949439567847916
180.3	0.004939940777741071
180.4	0.004930466538784551
180.5	0.004921016771957131
180.60000000000002	0.004911591398536991
180.70000000000002	0.0049021903401004485
180.8	0.0048928135185206875
180.9	0.0048834608559665095
181.	0.004874132274901056
181.10000000000002	0.0048648276980805686
181.20000000000002	0.0048555470485531545
181.3	0.004846290249657533
181.4	0.004837057225021802
181.5	0.004827847898562214
181.60000000000002	0.004818662194481957
181.70000000000002	0.004809500037269938
181.8	0.004800361351699562
181.9	0.004791246062827534
182.	0.004782154095992655
182.10000000000002	0.00477308537681463
182.20000000000002	0.004764039831192885
182.3	0.004755017385305364
182.4	0.004746017965607367
182.5	0.0047370414988303685
182.60000000000002	0.004728087911980858
182.70000000000002	0.004719157132339168
182.8	0.004710249087458323
182.9	0.0047013637051628795
183.	0.0046925009135477804
183.10000000000002	0.004683660640977232
183.20000000000002	0.004674842816083543
183.3	0.004666047367766001
183.4	0.004657274225189749
183.5	0.00464852331778467
183.60000000000002	0.00463979457524425
183.70000000000002	0.004631087927524491
183.8	0.004622403304842802
183.9	0.004613740637676874
184.	0.004605099856763613
184.10000000000002	0.004596480893098036
184.20000000000002	0.004587883677932181
184.3	0.004579308142774039
184.4	0.004570754219386466
184.5	0.00456222183978612
184.60000000000002	0.004553710936242377
184.70000000000002	0.0045452214412763075
184.8	0.004536753287659573
184.9	0.004528306408413403
185.	0.004519880736807549
185.10000000000002	0.004511476206359224
185.20000000000002	0.0045030927508320825
185.3	0.004494730304235175
185.4	0.004486388800821927
185.5	0.004478068175089116
185.60000000000002	0.004469768361775839
185.70000000000002	0.004461489295862525
185.8	0.004453230912569897
185.9	0.004444993147357986
186.	0.0044367759359251165
186.10000000000002	0.004428579214206919
186.20000000000002	0.004420402918375339
186.3	0.004412246984837653
186.4	0.004404111350235465
186.5	0.004395995951443757
186.60000000000002	0.004387900725569893
186.70000000000002	0.004379825609952667
186.8	0.004371770542161328
186.9	0.004363735459994612
187.	0.004355720301479807
187.10000000000002	0.004347725004871777
187.20000000000002	0.0043397495086520375
187.3	0.004331793751527798
187.4	0.004323857672431019
187.5	0.004315941210517491
187.60000000000002	0.004308044305165895
187.70000000000002	0.004300166895976883
187.8	0.004292308922772142
187.9	0.0042844703255934926
188.	0.004276651044701965
188.10000000000002	0.004268851020576891
188.20000000000002	0.004261070193915003
188.3	0.004253308505629523
188.4	0.00424556589684928
188.5	0.0042378423089178005
188.60000000000002	0.004230137683392425
188.70000000000002	0.004222451962043431
188.8	0.004214785086853143
188.9	0.004207137000015051
189.	0.0041995076439329485
189.10000000000002	0.004191896961220051
189.20000000000002	0.004184304894698153
189.3	0.004176731387396732
189.4	0.004169176382552117
189.5	0.004161639823606627
189.60000000000002	0.00415412165420772
189.70000000000002	0.004146621818207149
189.8	0.0041391402596601175
189.9	0.00413167692282444
190.	0.0041242317521597086
190.10000000000002	0.004116804692326463
190.20000000000002	0.0041093956881853655
190.3	0.0041020046847963735
190.4	0.004094631627417916
190.5	0.004087276461506085
190.60000000000002	0.004079939132713816
190.70000000000002	0.004072619586890095
190.8	0.004065317770079126
190.9	0.004058033628519557
191.	0.004050767108643661
191.10000000000002	0.004043518157076555
191.20000000000002	0.004036286720635403
191.3	0.0040290727463286385
191.4	0.0040218761813551555
191.5	0.004014696973103558
191.60000000000002	0.004007535069151365
191.70000000000002	0.004000390417264253
191.8	0.0039932629653952655
191.9	0.003986152661684059
192.	0.003979059454456144
192.10000000000002	0.003971983292222111
192.20000000000002	0.003964924123676898
192.3	0.003957881897699007
192.4	0.003950856563349781
192.5	0.003943848069872647
192.60000000000002	0.003936856366692374
192.70000000000002	0.0039298814034143354
192.8	0.0039229231298237716
192.9	0.003915981495885055
193.	0.003909056451740969
193.10000000000002	0.0039021479477119696
193.20000000000002	0.0038952559342954785
193.3	0.0038883803621651497
193.4	0.003881521182170155
193.5	0.0038746783453344775
193.60000000000002	0.0038678518028561946
193.70000000000002	0.0038610415061067823
193.8	0.003854247406630394
193.9	0.0038474694561431754
194.	0.0038407076065325556
194.10000000000002	0.0038339618098565654
194.20000000000002	0.0038272320183431394
194.3	0.0038205181843894193
194.4	0.0038138202605610865
194.5	0.003807138199591664
194.60000000000002	0.0038004719543818476
194.70000000000002	0.003793821477998828
194.8	0.00378718672367562
194.9	0.003780567644810376
195.	0.0037739641949657465
195.10000000000002	0.003767376327868192
195.20000000000002	0.0037608039974073456
195.3	0.0037542471576353254
195.4	0.003747705762766106
195.5	0.00374117976717485
195.60000000000002	0.0037346691253972667
195.70000000000002	0.0037281737921289666
195.8	0.0037216937222248093
195.9	0.003715228870698272
196.	0.003708779192720805
196.10000000000002	0.003702344643621199
196.20000000000002	0.0036959251788849594
196.3	0.003689520754153666
196.4	0.00368313132522435
196.5	0.0036767568480488757
196.60000000000002	0.0036703972787333083
196.70000000000002	0.003664052573537317
196.8	0.0036577226888735294
196.9	0.0036514075813069416
197.	0.0036451072075543013
197.10000000000002	0.003638821524483496
197.20000000000002	0.0036325504891129615
197.3	0.003626294058611058
197.4	0.0036200521902954893
197.5	0.0036138248416327044
197.60000000000002	0.0036076119702372904
197.70000000000002	0.003601413533871398
197.8	0.0035952294904441416
197.9	0.0035890597980110096
198.	0.0035829044147732956
198.10000000000002	0.0035767632990775055
198.20000000000002	0.003570636409414783
198.3	0.00356452370442033
198.4	0.00355842514287284
198.5	0.0035523406836939194
198.60000000000002	0.0035462702859475276
198.70000000000002	0.0035402139088394
198.8	0.0035341715117165012
198.9	0.003528143054066443
199.	0.00352212849551694
199.10000000000002	0.003516127795835255
199.20000000000002	0.00351014091492764
199.3	0.0035041678128387836
199.4	0.003498208449751266
199.5	0.0034922627859850096
199.60000000000002	0.0034863307819967414
199.70000000000002	0.0034804123983794497
199.8	0.003474507595861829
199.9	0.0034686163353077762
200.	0.003462738577715823
200.10000000000002	0.003456874284218619
200.20000000000002	0.0034510234160824113
200.3	0.0034451859347064953
200.4	0.003439361801622707
200.5	0.0034335509784948915
200.60000000000002	0.0034277534271183875
200.70000000000002	0.003421969109419509
200.8	0.0034161979874550216
200.9	0.0034104400234116405
201.	0.00340469517960551
201.10000000000002	0.0033989634184816986
201.20000000000002	0.0033932447026136917
201.3	0.0033875389947028863
201.4	0.0033818462575780873
201.5	0.003376166454195008
201.60000000000002	0.0033704995476357717
201.70000000000002	0.0033648455011084234
201.8	0.003359204277946421
201.9	0.003353575841608152
202.	0.003347960155676449
202.10000000000002	0.0033423571838580896
202.20000000000002	0.0033367668899833276
202.3	0.0033311892380053928
202.4	0.0033256241920000236
202.5	0.0033200717161649762
202.60000000000002	0.0033145317748195595
202.70000000000002	0.003309004332404155
202.8	0.003303489353479739
202.9	0.0032979868027274203
203.	0.0032924966449479694
203.10000000000002	0.0032870188450613456
203.20000000000002	0.003281553368106246
203.3	0.0032761001792396237
203.4	0.0032706592437362473
203.5	0.0032652305269882304
203.60000000000002	0.0032598139945045745
203.70000000000002	0.0032544096119107207
203.8	0.003249017344948099
203.9	0.0032436371594736614
204.	0.0032382690214594534
204.10000000000002	0.0032329128969921573
204.20000000000002	0.003227568752272649
204.3	0.0032222365536155513
204.4	0.0032169162674488016
204.5	0.0032116078603132057
204.60000000000002	0.003206311298861996
204.70000000000002	0.003201026549860418
204.8	0.0031957535801852665
204.9	0.00319049235682448
205.	0.0031852428468766947
205.10000000000002	0.003180005017550823
205.20000000000002	0.003174778836165633
205.3	0.0031695642701493106
205.4	0.0031643612870390493
205.5	0.003159169854480625
205.60000000000002	0.0031539899402279786
205.70000000000002	0.0031488215121427943
205.8	0.003143664538194096
205.9	0.0031385189864578207
206.	0.003133384825116416
206.10000000000002	0.003128262022458425
206.20000000000002	0.003123150546878084
206.3	0.003118050366874911
206.4	0.003112961451053302
206.5	0.0031078837681221333
206.60000000000002	0.0031028172868943515
206.70000000000002	0.003097761976286586
206.8	0.0030927178053187397
206.9	0.0030876847431136017
207.	0.003082662758896446
207.10000000000002	0.003077651821994645
207.20000000000002	0.0030726519018372815
207.3	0.0030676629679547433
207.4	0.003062684989978357
207.5	0.003057717937639988
207.60000000000002	0.0030527617807716598
207.70000000000002	0.0030478164893051767
207.8	0.0030428820332717346
207.9	0.0030379583828015443
208.	0.003033045508123461
208.10000000000002	0.0030281433795645964
208.20000000000002	0.0030232519675499553
208.3	0.0030183712426020528
208.4	0.003013501175340554
208.5	0.0030086417364818957
208.60000000000002	0.0030037928968389164
208.70000000000002	0.0029989546273205036
208.8	0.002994126898931215
208.9	0.0029893096827709187
209.	0.002984502950034434
209.10000000000002	0.0029797066720111706
209.20000000000002	0.002974920820084769
209.3	0.0029701453657327397
209.4	0.002965380280526117
209.5	0.002960625536129091
209.60000000000002	0.002955881104298668
209.70000000000002	0.0029511469568843153
209.8	0.002946423065827603
209.9	0.0029417094031618726
210.	0.002937005941011868
210.10000000000002	0.002932312651593413
210.20000000000002	0.0029276295072130547
210.3	0.0029229564802677197
210.4	0.002918293543244381
210.5	0.0029136406687197127
210.60000000000002	0.002908997829359752
210.70000000000002	0.0029043649979195695
210.8	0.0028997421472429226
210.9	0.0028951292502619307
211.	0.00289052627999674
211.10000000000002	0.002885933209555193
211.20000000000002	0.002881350012132496
211.3	0.002876776661010898
211.4	0.002872213129559353
211.5	0.002867659391233206
211.60000000000002	0.0028631154195738564
211.70000000000002	0.002858581188208455
211.8	0.0028540566708495593
211.9	0.0028495418412948273
212.	0.0028450366734266972
212.10000000000002	0.0028405411412120666
212.20000000000002	0.002836055218701984
212.3	0.0028315788800313234
212.4	0.0028271120994184788
212.5	0.0028226548511650503
212.60000000000002	0.00281820710965553
212.70000000000002	0.0028137688493570017
212.8	0.0028093400448188214
212.9	0.0028049206706723187
213.	0.0028005107016304837
213.10000000000002	0.0027961101124876738
213.20000000000002	0.0027917188781193016
213.3	0.002787336973481535
213.4	0.002782964373610999
213.5	0.0027786010536244746
213.60000000000002	0.002774246988718602
213.70000000000002	0.0027699021541695832
213.8	0.002765566525332886
213.9	0.0027612400776429536
214.	0.002756922786612902
214.10000000000002	0.002752614627834242
214.20000000000002	0.0027483155769765805
214.3	0.002744025609787326
214.4	0.0027397447020914133
214.5	0.0027354728297910055
214.60000000000002	0.002731209968865214
214.70000000000002	0.002726956095369815
214.8	0.0027227111854369575
214.9	0.002718475215274896
215.	0.0027142481611676927
215.10000000000002	0.002710029999474949
215.20000000000002	0.002705820706631523
215.3	0.0027016202591472554
215.4	0.0026974286336066853
215.5	0.0026932458066687816
215.60000000000002	0.00268907175506667
215.70000000000002	0.0026849064556073543
215.8	0.0026807498851714458
215.9	0.0026766020207129007
216.	0.002672462839258736
216.10000000000002	0.0026683323179087746
216.20000000000002	0.0026642104338353697
216.3	0.0026600971642831467
216.4	0.002655992486568723
216.5	0.0026518963780804623
216.60000000000002	0.0026478088162781984
216.70000000000002	0.0026437297786929817
216.8	0.0026396592429268092
216.9	0.0026355971866523754
217.	0.002631543587612805
217.10000000000002	0.002627498423621398
217.20000000000002	0.0026234616725613795
217.3	0.002619433312385631
217.4	0.0026154133211164525
217.5	0.002611401676845289
217.60000000000002	0.0026073983577324994
217.70000000000002	0.0026034033420070913
217.8	0.002599416607966473
217.9	0.00259543813397621
218.	0.0025914678984697687
218.10000000000002	0.0025875058799482748
218.20000000000002	0.0025835520569802675
218.3	0.0025796064082014483
218.4	0.002575668912314447
218.5	0.002571739548088566
218.60000000000002	0.002567818294359545
218.70000000000002	0.002563905130029326
218.8	0.002560000034065803
218.9	0.002556102985502582
219.	0.0025522139634387535
219.10000000000002	0.002548332947038645
219.20000000000002	0.002544459915531592
219.3	0.0025405948482116946
219.4	0.0025367377244375944
219.5	0.0025328885236322253
219.60000000000002	0.002529047225282599
219.70000000000002	0.0025252138089395617
219.8	0.0025213882542175644
219.9	0.0025175705407944416
220.	0.0025137606484111684
220.10000000000002	0.0025099585568716457
220.20000000000002	0.00250616424604247
220.3	0.002502377695852703
220.4	0.0024985988862936486
220.5	0.0024948277974186357
220.60000000000002	0.002491064409342783
220.70000000000002	0.0024873087022427875
220.8	0.0024835606563566952
220.9	0.002479820251983688
221.	0.002476087469483856
221.10000000000002	0.0024723622892779853
221.20000000000002	0.0024686446918473397
221.3	0.0024649346577334395
221.4	0.0024612321675378497
221.5	0.0024575372019219606
221.60000000000002	0.0024538497416067787
221.70000000000002	0.0024501697673727143
221.8	0.0024464972600593566
221.9	0.0024428322005652777
222.	0.0024391745698478136
222.10000000000002	0.0024355243489228543
222.20000000000002	0.002431881518864637
222.3	0.002428246060805536
222.4	0.002424617955935856
222.5	0.002420997185503627
222.60000000000002	0.002417383730814394
222.70000000000002	0.0024137775732310197
222.8	0.002410178694173471
222.9	0.002406587075118622
223.	0.0024030026976000515
223.10000000000002	0.0023994255432078365
223.20000000000002	0.0023958555935883583
223.3	0.0023922928304440983
223.4	0.002388737235533436
223.5	0.002385188790670456
223.60000000000002	0.0023816474777247475
223.70000000000002	0.0023781132786212093
223.8	0.002374586175339853
223.9	0.0023710661499156027
224.	0.002367553184438109
224.10000000000002	0.00236404726105155
224.20000000000002	0.0023605483619544413
224.3	0.002357056469399439
224.4	0.002353571565693153
224.5	0.0023500936331959555
224.60000000000002	0.0023466226543217873
224.70000000000002	0.002343158611537978
224.8	0.002339701487365044
224.9	0.002336251264376515
225.	0.002332807925198734
225.10000000000002	0.0023293714525106806
225.20000000000002	0.0023259418290437844
225.3	0.002322519037581736
225.4	0.0023191030609603066
225.5	0.0023156938820671617
225.60000000000002	0.0023122914838416843
225.70000000000002	0.0023088958492747894
225.8	0.0023055069614087396
225.9	0.0023021248033369716
226.	0.0022987493582039137
226.10000000000002	0.0022953806092048034
226.20000000000002	0.002292018539585517
226.3	0.0022886631326423873
226.4	0.002285314371722022
226.5	0.002281972240221141
226.60000000000002	0.0022786367215863854
226.70000000000002	0.002275307799314158
226.8	0.0022719854569504356
226.9	0.0022686696780906054
227.	0.0022653604463792887
227.10000000000002	0.002262057745510168
227.20000000000002	0.00225876155922582
227.3	0.00225547187131754
227.4	0.0022521886656251735
227.5	0.0022489119260369504
227.60000000000002	0.0022456416364893114
227.70000000000002	0.002242377780966746
227.8	0.002239120343501618
227.9	0.0022358693081740047
228.	0.0022326246591115287
228.10000000000002	0.0022293863804891943
228.20000000000002	0.0022261544565292213
228.3	0.0022229288715008818
228.4	0.0022197096097203357
228.5	0.0022164966555504695
228.60000000000002	0.002213289993400732
228.70000000000002	0.0022100896077269804
228.8	0.0022068954830313085
228.9	0.0022037076038618924
229.	0.002200525954812833
229.10000000000002	0.0021973505205239935
229.20000000000002	0.002194181285680843
229.3	0.002191018235014299
229.4	0.0021878613533005673
229.5	0.0021847106253609894
229.60000000000002	0.0021815660360618864
229.70000000000002	0.002178427570314401
229.8	0.002175295213074348
229.9	0.002172168949342054
230.	0.0021690487641622077
230.10000000000002	0.002165934642623707
230.20000000000002	0.0021628265698595064
230.3	0.002159724531046469
230.4	0.002156628511405204
230.5	0.0021535384961999344
230.60000000000002	0.002150454470738329
230.70000000000002	0.0021473764203713656
230.8	0.0021443043304931768
230.9	0.0021412381865409053
231.	0.0021381779739945515
231.10000000000002	0.0021351236783768318
231.20000000000002	0.00213207528525303
231.3	0.00212903278023085
231.4	0.0021259961489602736
231.5	0.0021229653771334123
231.60000000000002	0.0021199404504843684
231.70000000000002	0.002116921354789088
231.8	0.002113908075865218
231.9	0.0021109005995719613
232.	0.002107898911809943
232.10000000000002	0.0021049029985210597
232.20000000000002	0.0021019128456883467
232.3	0.002098928439335832
232.4	0.0020959497655283973
232.5	0.0020929768103716434
232.60000000000002	0.0020900095600117465
232.70000000000002	0.0020870480006353236
232.8	0.002084092118469294
232.9	0.0020811418997807385
233.	0.002078197330876768
233.10000000000002	0.002075258398104388
233.20000000000002	0.00207232508785036
233.3	0.0020693973865410667
233.4	0.0020664752806423773
233.5	0.0020635587566595194
233.60000000000002	0.0020606478011369355
233.70000000000002	0.0020577424006581625
233.8	0.0020548425418456875
233.9	0.0020519482113608217
234.	0.002049059395903572
234.10000000000002	0.002046176082212502
234.20000000000002	0.002043298257064612
234.3	0.0020404259072752005
234.4	0.002037559019697738
234.5	0.0020346975812237404
234.60000000000002	0.002031841578782634
234.70000000000002	0.0020289909993416407
234.8	0.002026145829905634
234.9	0.002023306057517026
235.	0.0020204716692556316
235.10000000000002	0.002017642652238548
235.20000000000002	0.00201481899362003
235.3	0.0020120006805913596
235.4	0.0020091877003807273
235.5	0.0020063800402531046
235.60000000000002	0.0020035776875101216
235.70000000000002	0.0020007806294899447
235.8	0.001997988853567152
235.9	0.001995202347152615
236.	0.001992421097693373
236.10000000000002	0.001989645092672512
236.20000000000002	0.0019868743196090493
236.3	0.0019841087660578075
236.4	0.001981348419609295
236.5	0.0019785932678895914
236.60000000000002	0.001975843298560223
236.70000000000002	0.0019730984993180495
236.8	0.001970358857895143
236.9	0.001967624362058669
237.	0.001964894999610773
237.10000000000002	0.0019621707583884615
237.20000000000002	0.001959451626263488
237.3	0.001956737591142234
237.4	0.0019540286409655975
237.5	0.0019513247637088739
237.60000000000002	0.0019486259473816428
237.70000000000002	0.0019459321800276604
237.8	0.001943243449724734
237.9	0.0019405597445846193
238.	0.0019378810527529028
238.10000000000002	0.0019352073624088885
238.20000000000002	0.0019325386617654913
238.3	0.0019298749390691198
238.4	0.0019272161825995685
238.5	0.0019245623806699059
238.60000000000002	0.0019219135216263646
238.70000000000002	0.0019192695938482329
238.8	0.0019166305857477423
238.9	0.001913996485769962
239.	0.0019113672823926875
239.10000000000002	0.0019087429641263345
239.20000000000002	0.0019061235195138317
239.3	0.0019035089371305096
239.4	0.0019008992055839973
239.5	0.0018982943135141155
239.60000000000002	0.001895694249592767
239.70000000000002	0.0018930990025238389
239.8	0.0018905085610430887
239.9	0.0018879229139180406
240.	0.001885342049947887
240.10000000000002	0.001882765957963378
240.20000000000002	0.0018801946268267218
240.3	0.0018776280454314784
240.4	0.0018750662027024576
240.5	0.0018725090875956179
240.60000000000002	0.0018699566890979609
240.70000000000002	0.0018674089962274346
240.8	0.0018648659980328255
240.9	0.0018623276835936637
241.	0.0018597940420201167
241.10000000000002	0.0018572650624528936
241.20000000000002	0.0018547407340631435
241.3	0.001852221046052355
241.4	0.0018497059876522576
241.5	0.0018471955481247227
241.60000000000002	0.0018446897167616661
241.70000000000002	0.0018421884828849504
241.8	0.0018396918358462837
241.9	0.0018371997650271246
242.	0.0018347122598385867
242.10000000000002	0.001832229309721339
242.20000000000002	0.0018297509041455126
242.3	0.0018272770326106026
242.4	0.001824807684645372
242.5	0.0018223428498077576
242.60000000000002	0.0018198825176847756
242.70000000000002	0.001817426677892428
242.8	0.0018149753200756033
242.9	0.0018125284339079893
243.	0.001810086009091977
243.10000000000002	0.0018076480353585618
243.20000000000002	0.0018052145024672634
243.3	0.0018027854002060214
243.4	0.0018003607183911074
243.5	0.0017979404468670367
243.60000000000002	0.0017955245755064686
243.70000000000002	0.0017931130942101274
243.8	0.0017907059929066988
243.9	0.0017883032615527456
244.	0.0017859048901326209
244.10000000000002	0.001783510868658371
244.20000000000002	0.0017811211871696527
244.3	0.0017787358357336394
244.4	0.0017763548044449349
244.5	0.0017739780834254827
244.60000000000002	0.0017716056628244803
244.70000000000002	0.0017692375328182918
244.8	0.0017668736836103575
244.9	0.001764514105431108
245.	0.0017621587885378784
245.10000000000002	0.0017598077232148191
245.20000000000002	0.0017574608997728168
245.3	0.0017551183085493963
245.4	0.0017527799399086462
245.5	0.00175044578424113
245.60000000000002	0.0017481158319637969
245.70000000000002	0.0017457900735199036
245.8	0.001743468499378928
245.9	0.0017411511000364804
246.	0.0017388378660142274
246.10000000000002	0.0017365287878598028
246.20000000000002	0.0017342238561467275
246.3	0.0017319230614743259
246.4	0.0017296263944676414
246.5	0.0017273338457773583
246.60000000000002	0.001725045406079714
246.70000000000002	0.001722761066076427
246.8	0.0017204808164946036
246.9	0.0017182046480866667
247.	0.0017159325516302674
247.10000000000002	0.0017136645179282113
247.20000000000002	0.0017114005378083765
247.3	0.0017091406021236303
247.4	0.0017068847017517527
247.5	0.0017046328275953557
247.60000000000002	0.001702384970581807
247.70000000000002	0.0017001411216631484
247.8	0.0016979012718160186
247.9	0.0016956654120415739
248.	0.0016934335333654133
248.10000000000002	0.001691205626837497
248.20000000000002	0.0016889816835320716
248.3	0.0016867616945475954
248.4	0.0016845456510066541
248.5	0.0016823335440558944
248.60000000000002	0.0016801253648659358
248.70000000000002	0.0016779211046313088
248.8	0.0016757207545703685
248.9	0.0016735243059252212
249.	0.001671331749961655
249.10000000000002	0.001669143077969055
249.20000000000002	0.0016669582812603415
249.3	0.001664777351171884
249.4	0.0016626002790634334
249.5	0.0016604270563180474
249.60000000000002	0.0016582576743420158
249.70000000000002	0.0016560921245647882
249.8	0.0016539303984389024
249.9	0.0016517724874399078
250.	0.0016496183830662977
250.10000000000002	0.0016474680768394309
250.20000000000002	0.0016453215603034702
250.3	0.0016431788250252989
250.4	0.0016410398625944565
250.5	0.0016389046646230654
250.60000000000002	0.0016367732227457626
250.70000000000002	0.0016346455286196254
250.8	0.0016325215739241014
250.9	0.001630401350360942
251.	0.0016282848496541283
251.10000000000002	0.0016261720635498047
251.20000000000002	0.001624062983816208
251.3	0.0016219576022435968
251.4	0.0016198559106441852
251.5	0.0016177579008520757
251.60000000000002	0.001615663564723183
251.70000000000002	0.001613572894135176
251.8	0.0016114858809874039
251.9	0.001609402517200829
252.	0.0016073227947179588
252.10000000000002	0.0016052467055027826
252.20000000000002	0.0016031742415407008
252.3	0.0016011053948384593
252.4	0.0015990401574240839
252.5	0.001596978521346812
252.60000000000002	0.0015949204786770298
252.70000000000002	0.0015928660215062027
252.8	0.001590815141946813
252.9	0.0015887678321322924
253.	0.00158672408421696
253.10000000000002	0.0015846838903759517
253.20000000000002	0.0015826472428051635
253.3	0.0015806141337211797
253.4	0.0015785845553612137
253.5	0.0015765584999830413
253.60000000000002	0.0015745359598649377
253.70000000000002	0.0015725169273056163
253.8	0.0015705013946241627
253.9	0.0015684893541599708
254.	0.001566480798272684
254.10000000000002	0.001564475719342129
254.20000000000002	0.0015624741097682558
254.3	0.0015604759619710737
254.4	0.0015584812683905906
254.5	0.0015564900214867494
254.60000000000002	0.0015545022137393716
254.70000000000002	0.0015525178376480893
254.8	0.001550536885732289
254.9	0.0015485593505310481
255.	0.0015465852246030762
255.10000000000002	0.0015446145005266524
255.20000000000002	0.0015426471708995684
255.3	0.001540683228339065
255.4	0.001538722665481775
255.5	0.0015367654749836612
255.60000000000002	0.0015348116495199598
255.70000000000002	0.00153286118178512
255.8	0.0015309140644927436
255.9	0.0015289702903755282
256.	0.0015270298521852083
256.1	0.0015250927426924963
256.20000000000005	0.0015231589546870253
256.3	0.0015212284809772909
256.4	0.0015193013143905926
256.5	0.0015173774477729755
256.6	0.0015154568739891789
256.70000000000005	0.0015135395859225695
256.8	0.0015116255764750946
256.9	0.001509714838567218
257.	0.0015078073651378632
257.1	0.0015059031491443649
257.20000000000005	0.0015040021835624065
257.3	0.0015021044613859644
257.4	0.0015002099756272532
257.5	0.0014983187193166707
257.6	0.0014964306855027424
257.70000000000005	0.0014945458672520676
257.8	0.0014926642576492605
257.9	0.0014907858497969007
258.	0.0014889106368154706
258.1	0.0014870386118433121
258.20000000000005	0.0014851697680365646
258.3	0.0014833040985691131
258.4	0.0014814415966325318
258.5	0.0014795822554360349
258.6	0.0014777260682064216
258.70000000000005	0.0014758730281880209
258.8	0.0014740231286426422
258.9	0.0014721763628495173
259.	0.0014703327241052506
259.1	0.0014684922057237703
259.20000000000005	0.0014666548010362664
259.3	0.0014648205033911516
259.4	0.001462989306153995
259.5	0.0014611612027074794
259.6	0.0014593361864513492
259.70000000000005	0.0014575142508023576
259.8	0.0014556953891942137
259.9	0.0014538795950775325
260.	0.001452066861919783
260.1	0.0014502571832052426
260.20000000000005	0.0014484505524349385
260.3	0.001446646963126605
260.4	0.0014448464088146265
260.5	0.0014430488830499903
260.6	0.0014412543794002403
260.70000000000005	0.0014394628914494209
260.8	0.0014376744127980333
260.9	0.00143588893706298
261.	0.001434106457877519
261.1	0.0014323269688912182
261.20000000000005	0.0014305504637699008
261.3	0.0014287769361955988
261.4	0.0014270063798665045
261.5	0.0014252387884969215
261.6	0.001423474155817217
261.70000000000005	0.0014217124755737762
261.8	0.00141995374152895
261.9	0.0014181979474610096
262.	0.0014164450871640964
262.1	0.0014146951544481805
262.20000000000005	0.00141294814313901
262.3	0.0014112040470780612
262.4	0.0014094628601224967
262.5	0.0014077245761451116
262.6	0.001405989189034297
262.70000000000005	0.0014042566926939861
262.8	0.0014025270810436097
262.9	0.0014008003480180506
263.	0.0013990764875675956
263.1	0.0013973554936578935
263.2	0.0013956373602699097
263.3	0.0013939220813998722
263.40000000000003	0.0013922096510592368
263.5	0.0013905000632746384
263.6	0.0013887933120878412
263.7	0.001387089391555703
263.8	0.00138538829575012
263.90000000000003	0.0013836900187579903
264.	0.0013819945546811685
264.1	0.0013803018976364144
264.2	0.0013786120417553598
264.3	0.0013769249811844545
264.40000000000003	0.0013752407100849284
264.5	0.0013735592226327478
264.6	0.0013718805130185667
264.7	0.001370204575447691
264.8	0.0013685314041400282
264.90000000000003	0.001366860993330048
265.	0.0013651933372667412
265.1	0.0013635284302135704
265.2	0.0013618662664484354
265.3	0.001360206840263622
265.40000000000003	0.0013585501459657699
265.5	0.001356896177875821
265.6	0.0013552449303289812
265.7	0.0013535963976746817
265.8	0.0013519505742765289
265.90000000000003	0.0013503074545122718
266.	0.001348667032773756
266.1	0.001347029303466881
266.2	0.0013453942610115628
266.3	0.0013437618998416879
266.40000000000003	0.0013421322144050777
266.5	0.0013405051991634467
266.6	0.0013388808485923543
266.7	0.0013372591571811764
266.8	0.0013356401194330545
266.90000000000003	0.0013340237298648618
267.	0.0013324099830071617
267.1	0.0013307988734041639
267.2	0.0013291903956136918
267.3	0.0013275845442071335
267.40000000000003	0.0013259813137694114
267.5	0.001324380698898939
267.6	0.0013227826942075764
267.7	0.0013211872943206012
267.8	0.001319594493876659
267.90000000000003	0.0013180042875277334
268.	0.001316416669939104
268.1	0.0013148316357893
268.2	0.0013132491797700778
268.3	0.0013116692965863656
268.40000000000003	0.0013100919809562372
268.5	0.001308517227610869
268.6	0.0013069450312945003
268.7	0.001305375386764399
268.8	0.0013038082887908212
268.90000000000003	0.001302243732156975
269.	0.0013006817116589847
269.1	0.0012991222221058456
269.2	0.0012975652583193979
269.3	0.0012960108151342797
269.40000000000003	0.0012944588873978972
269.5	0.0012929094699703821
269.6	0.001291362557724558
269.7	0.0012898181455459048
269.8	0.001288276228332517
269.90000000000003	0.0012867368009950725
270.	0.0012851998584567962
270.1	0.001283665395653417
270.2	0.0012821334075331415
270.3	0.001280603889056609
270.40000000000003	0.001279076835196864
270.5	0.0012775522409393127
270.6	0.0012760301012816916
270.7	0.0012745104112340344
270.8	0.001272993165818628
270.90000000000003	0.0012714783600699872
271.	0.0012699659890348142
271.1	0.001268456047771962
271.2	0.0012669485313524067
271.3	0.0012654434348592022
271.40000000000003	0.0012639407533874551
271.5	0.001262440482044286
271.6	0.0012609426159487932
271.7	0.0012594471502320236
271.8	0.0012579540800369306
271.90000000000003	0.0012564634005183483
272.	0.0012549751068429544
272.1	0.0012534891941892324
272.2	0.0012520056577474442
272.3	0.0012505244927195913
272.40000000000003	0.001249045694319384
272.5	0.0012475692577722083
272.6	0.0012460951783150888
272.7	0.0012446234511966617
272.8	0.0012431540716771332
272.90000000000003	0.0012416870350282566
273.	0.0012402223365332913
273.1	0.0012387599714869717
273.2	0.0012372999351954795
273.3	0.0012358422229764028
273.40000000000003	0.0012343868301587096
273.5	0.001232933752082717
273.6	0.0012314829841000496
273.7	0.0012300345215736186
273.8	0.001228588359877582
273.90000000000003	0.0012271444943973155
274.	0.001225702920529383
274.1	0.0012242636336814972
274.2	0.0012228266292724972
274.3	0.00122139190273231
274.40000000000003	0.0012199594495019238
274.5	0.0012185292650333532
274.6	0.0012171013447896091
274.7	0.0012156756842446703
274.8	0.0012142522788834453
274.90000000000003	0.0012128311242017495
275.	0.0012114122157062717
275.1	0.0012099955489145383
275.2	0.001208581119354891
275.3	0.0012071689225664486
275.40000000000003	0.0012057589540990835
275.5	0.0012043512095133851
275.6	0.0012029456843806342
275.7	0.0012015423742827696
275.8	0.001200141274812359
275.90000000000003	0.0011987423815725718
276.	0.001197345690177146
276.1	0.0011959511962503567
276.2	0.0011945588954269941
276.3	0.0011931687833523228
276.40000000000003	0.0011917808556820633
276.5	0.0011903951080823561
276.6	0.0011890115362297332
276.7	0.0011876301358110914
276.8	0.00118625090252366
276.90000000000003	0.0011848738320749729
277.	0.0011834989201828427
277.1	0.001182126162575326
277.2	0.001180755554990701
277.3	0.0011793870931774337
277.40000000000003	0.0011780207728941511
277.5	0.0011766565899096163
277.6	0.001175294540002693
277.7	0.0011739346189623238
277.8	0.0011725768225874969
277.90000000000003	0.0011712211466872236
278.	0.0011698675870805055
278.1	0.0011685161395963077
278.2	0.0011671668000735327
278.3	0.0011658195643609898
278.40000000000003	0.0011644744283173718
278.5	0.0011631313878112234
278.6	0.0011617904387209144
278.7	0.0011604515769346143
278.8	0.0011591147983502624
278.90000000000003	0.0011577800988755425
279.	0.0011564474744278574
279.1	0.001155116920934296
279.2	0.0011537884343316123
279.3	0.001152462010566196
279.40000000000003	0.001151137645594045
279.5	0.0011498153353807416
279.6	0.001148495075901422
279.7	0.0011471768631407526
279.8	0.001145860693092903
279.90000000000003	0.0011445465617615186
280.	0.001143234465159698
280.1	0.0011419243993099585
280.2	0.00114061636024422
280.3	0.0011393103440037718
280.40000000000003	0.0011380063466392516
280.5	0.001136704364210616
280.6	0.0011354043927871147
280.7	0.0011341064284472692
280.8	0.0011328104672788412
280.90000000000003	0.001131516505378811
281.	0.0011302245388533515
281.1	0.0011289345638178024
281.2	0.0011276465763966448
281.3	0.0011263605727234742
281.40000000000003	0.00112507654894098
281.5	0.0011237945012009165
281.6	0.0011225144256640782
281.7	0.0011212363185002783
281.8	0.0011199601758883182
281.90000000000003	0.0011186859940159684
282.	0.0011174137690799404
282.1	0.001116143497285862
282.2	0.0011148751748482576
282.3	0.0011136087979905156
282.40000000000003	0.0011123443629448707
282.5	0.0011110818659523791
282.6	0.0011098213032628887
282.7	0.001108562671135023
282.8	0.00110730596583615
282.90000000000003	0.001106051183642362
283.	0.0011047983208384527
283.1	0.001103547373717889
283.2	0.0011022983385827927
283.3	0.0011010512117439098
283.40000000000003	0.0010998059895205958
283.5	0.0010985626682407845
283.6	0.001097321244240969
283.7	0.0010960817138661752
283.8	0.001094844073469942
283.90000000000003	0.0010936083194142945
284.	0.001092374448069725
284.1	0.0010911424558151645
284.2	0.001089912339037964
284.3	0.0010886840941338723
284.40000000000003	0.0010874577175070065
284.5	0.0010862332055698383
284.6	0.0010850105547431628
284.7	0.0010837897614560837
284.8	0.0010825708221459838
284.90000000000003	0.0010813537332585062
285.	0.0010801384912475323
285.1	0.0010789250925751564
285.2	0.0010777135337116668
285.3	0.0010765038111355207
285.40000000000003	0.0010752959213333245
285.5	0.001074089860799811
285.6	0.0010728856260378142
285.7	0.001071683213558253
285.8	0.0010704826198801043
285.90000000000003	0.0010692838415303843
286.	0.001068086875044127
286.1	0.0010668917169643576
286.2	0.0010656983638420783
286.3	0.0010645068122362392
286.40000000000003	0.0010633170587137234
286.5	0.0010621290998493228
286.6	0.0010609429322257133
286.7	0.0010597585524334413
286.8	0.0010585759570708947
286.90000000000003	0.0010573951427442863
287.	0.0010562161060676317
287.1	0.0010550388436627268
287.2	0.0010538633521591304
287.3	0.0010526896281941387
287.40000000000003	0.0010515176684127675
287.5	0.0010503474694677315
287.6	0.0010491790280194211
287.7	0.0010480123407358851
287.8	0.0010468474042928072
287.90000000000003	0.001045684215373487
288.	0.001044522770668821
288.1	0.001043363066877277
288.2	0.0010422051007048807
288.3	0.0010410488688651902
288.40000000000003	0.0010398943680792769
288.5	0.0010387415950757093
288.6	0.0010375905465905254
288.7	0.0010364412193672203
288.8	0.0010352936101567208
288.90000000000003	0.0010341477157173689
289.	0.001033003532814901
289.1	0.0010318610582224247
289.2	0.0010307202887204073
289.3	0.0010295812210966472
289.40000000000003	0.0010284438521462585
289.5	0.001027308178671653
289.6	0.0010261741974825162
289.7	0.001025041905395794
289.8	0.0010239112992356662
289.90000000000003	0.001022782375833533
290.	0.0010216551320279949
290.1	0.0010205295646648286
290.2	0.0010194056705969748
290.3	0.0010182834466845136
290.40000000000003	0.00101716288979465
290.5	0.0010160439968016914
290.6	0.0010149267645870306
290.7	0.0010138111900391258
290.8	0.0010126972700534825
290.90000000000003	0.0010115850015326353
291.	0.00101047438138613
291.1	0.001009365406530501
291.2	0.001008258073889257
291.3	0.0010071523803928603
291.40000000000003	0.00100604832297871
291.5	0.001004945898591122
291.6	0.001003845104181312
291.7	0.001002745936707375
291.8	0.0010016483931342705
291.90000000000003	0.0010005524704338018
292.	0.000999458165584598
292.1	0.000998365475572098
292.2	0.0009972743973885308
292.3	0.0009961849280328958
292.40000000000003	0.0009950970645109494
292.5	0.0009940108038351849
292.6	0.0009929261430248124
292.7	0.0009918430791057448
292.8	0.0009907616091105783
292.90000000000003	0.0009896817300785756
293.	0.0009886034390556473
293.1	0.0009875267330943342
293.2	0.0009864516092537928
293.3	0.0009853780645997729
293.40000000000003	0.0009843060962046043
293.5	0.0009832357011471805
293.6	0.0009821668765129347
293.7	0.0009810996193938312
293.8	0.0009800339268883405
293.90000000000003	0.00097896979610143
294.	0.0009779072241445396
294.1	0.000976846208135569
294.2	0.0009757867451988605
294.3	0.0009747288324651797
294.40000000000003	0.0009736724670717018
294.5	0.0009726176461619927
294.6	0.0009715643668859928
294.7	0.0009705126264000011
294.8	0.000969462421866657
294.90000000000003	0.0009684137504549251
295.	0.0009673666093400784
295.1	0.000966320995703681
295.2	0.0009652769067335726
295.3	0.0009642343396238513
295.40000000000003	0.0009631932915748591
295.5	0.0009621537597931634
295.6	0.0009611157414915405
295.7	0.0009600792338889627
295.8	0.0009590442342105777
295.90000000000003	0.0009580107396876973
296.	0.0009569787475577779
296.1	0.0009559482550644038
296.2	0.0009549192594572748
296.3	0.0009538917579921876
296.40000000000003	0.0009528657479310214
296.5	0.0009518412265417219
296.6	0.0009508181910982827
296.7	0.0009497966388807351
296.8	0.0009487765671751269
296.90000000000003	0.0009477579732735101
297.	0.0009467408544739252
297.1	0.0009457252080803836
297.2	0.0009447110314028543
297.3	0.0009436983217572469
297.40000000000003	0.0009426870764653976
297.5	0.0009416772928550533
297.6	0.0009406689682598545
297.7	0.0009396621000193243
297.8	0.000938656685478848
297.90000000000003	0.0009376527219896627
298.	0.0009366502069088393
298.1	0.0009356491375992668
298.2	0.0009346495114296414
298.3	0.0009336513257744453
298.40000000000003	0.0009326545780139387
298.5	0.0009316592655341402
298.6	0.0009306653857268104
298.7	0.0009296729359894451
298.8	0.0009286819137252501
298.90000000000003	0.0009276923163431348
299.	0.0009267041412576947
299.1	0.0009257173858891938
299.2	0.0009247320476635554
299.3	0.0009237481240123434
299.40000000000003	0.0009227656123727493
299.5	0.0009217845101875794
299.6	0.0009208048149052349
299.7	0.0009198265239797058
299.8	0.0009188496348705485
299.90000000000003	0.0009178741450428765
300.	0.0009169000519673464