7.	0.04028173238879522
7.1	0.04095065115953923
7.2	0.04161907107850204
7.3	0.042286915468276426
7.4	0.04295411349751067
7.5	0.043620600282588934
7.6	0.044286316985924105
7.7	0.04495121091012595
7.8	0.0456152355872843
7.9	0.0462783508625909
8.	0.046940522971519405
8.1	0.0476017246097861
8.2	0.04826193499532684
8.3	0.04892113992154766
8.4	0.04957933180113579
8.5	0.05023650969975757
8.6	0.050892679359014134
8.7	0.0515478532080809
8.8	0.05220205036351627
8.9	0.05285529661679083
9.	0.053507624409160896
9.1	0.05415907279358506
9.2	0.05480968738346156
9.3	0.055459520288046404
9.4	0.05610863003449461
9.5	0.056757081476549974
9.6	0.057404945689991584
9.7	0.05805229985502558
9.8	0.05869922712588867
9.9	0.0593458164880052
10.	0.05999216260310808
10.1	0.060638365642800715
10.2	0.06128453111109541
10.3	0.061930769656517476
10.4	0.06257719687441202
10.5	0.06322393310012933
10.6	0.06387110319380054
10.7	0.06451883631744018
10.8	0.06516726570513466
10.9	0.06581652842708793
11.	0.06646676514830496
11.100000000000001	0.06711811988269452
11.2	0.06777073974337025
11.3	0.06842477468992006
11.4	0.0690803772734009
11.5	0.06973770237979916
11.600000000000001	0.07039690697267588
11.7	0.07105814983569156
11.8	0.07172159131567948
11.9	0.0723873930669055
12.	0.07305571779712244
12.100000000000001	0.07372672901599346
12.2	0.07440059078642366
12.3	0.07507746747930474
12.4	0.07575752353213981
12.5	0.07644092321197903
12.600000000000001	0.07712783038305863
12.7	0.07781840827949771
12.8	0.07851281928336944
12.9	0.07921122470842493
13.	0.07991378458970926
13.100000000000001	0.08062065747927266
13.2	0.08133200024814032
13.3	0.0820479678946696
13.4	0.08276871335938436
13.5	0.0834943873463426
13.600000000000001	0.0842251381510573
13.7	0.0849611114949564
13.8	0.08570245036633606
13.9	0.08644929486772811
14.	0.08720178206957419
14.100000000000001	0.08796004587006812
14.2	0.08872421686100337
14.3	0.0894944221994358
14.4	0.09027078548494731
14.5	0.09105342664227868
14.600000000000001	0.09184246180907524
14.7	0.09263800322847657
14.8	0.09344015914626455
14.9	0.09424903371227152
15.	0.09506472688574136
15.1	0.09588733434432861
15.200000000000001	0.0967169473964149
15.3	0.09755365289642035
15.4	0.09839753316278683
15.5	0.09924866589831276
15.6	0.10010712411252239
15.700000000000001	0.1009729760457617
15.8	0.10184628509471992
15.9	0.10272710973908754
16.	0.10361550346907587
16.1	0.10451151471353684
16.200000000000003	0.10541518676843947
16.3	0.10632655772547797
16.4	0.10724566040060649
16.5	0.10817252226231648
16.6	0.10910716535949679
16.700000000000003	0.11004960624873845
16.8	0.11099985592097351
16.9	0.11195791972736117
17.	0.11292379730436096
17.1	0.11389748249796211
17.200000000000003	0.11487896328706201
17.3	0.1158682217060188
17.4	0.116865233766427
17.5	0.11786996937819715
17.6	0.11888239227004498
17.700000000000003	0.11990245990952653
17.8	0.12093012342278092
17.9	0.12196532751417115
18.	0.123008010386039
18.1	0.12405810365881642
18.200000000000003	0.1251155322917617
18.3	0.12618021450461053
18.4	0.12725206170045944
18.5	0.12833097839021707
18.6	0.12941686211898137
18.700000000000003	0.13050960339472226
18.8	0.13160908561966383
18.9	0.1327151850247794
19.	0.13382777060782633
19.1	0.13494670407536147
19.200000000000003	0.13607183978918896
19.3	0.13720302471770038
19.4	0.13834009839257683
19.5	0.1394828928713254
19.6	0.14063123270612565
19.700000000000003	0.14178493491946406
19.8	0.14294380898702977
19.9	0.14410765682834292
20.	0.1452762728055791
20.1	0.14644944373104443
20.200000000000003	0.14762694888374434
20.3	0.1488085600354736
20.4	0.149994041486841
20.5	0.15118315011361916
20.6	0.1523756354237915
20.700000000000003	0.153571239625642
20.8	0.15476969770720922
20.9	0.15597073752739388
21.	0.1571740799189828
21.1	0.15837943880381536
21.200000000000003	0.15958652132028706
21.3	0.16079502796334652
21.4	0.1620046527371056
21.5	0.16321508332014256
21.6	0.164426001243539
21.700000000000003	0.1656370820816496
21.8	0.16684799565556258
21.9	0.16805840624916624
22.	0.16926797283769632
22.1	0.1704763493285949
22.200000000000003	0.17168318481447148
22.3	0.17288812383791605
22.4	0.17409080666787224
22.5	0.17529086958724155
22.6	0.17648794519134983
22.700000000000003	0.17768166269687397
22.8	0.1788716482607878
22.9	0.1800575253088589
23.	0.1812389148731917
23.1	0.18241543593828832
23.2	0.18358670579507055
23.3	0.18475234040228072
23.400000000000002	0.18591195475466143
23.5	0.18706516325729022
23.6	0.18821158010543365
23.7	0.18935081966926404
23.8	0.1904824968827784
23.900000000000002	0.1916062276362392
24.	0.19272162917145777
24.1	0.1938283204792289
24.2	0.19492592269822342
24.3	0.19601405951464304
24.400000000000002	0.19709235756194057
24.5	0.19816044681990846
24.6	0.19921796101244077
24.7	0.2002645380032762
24.8	0.20129982018903406
24.900000000000002	0.20232345488885628
25.	0.20333509472997813
25.1	0.20433439802855274
25.2	0.20532102916505846
25.3	0.20629465895363017
25.400000000000002	0.20725496500465565
25.5	0.20820163207998924
25.6	0.20913435244013928
25.7	0.21005282618279586
25.8	0.21095676157207097
25.900000000000002	0.21184587535783161
26.	0.2127198930845171
26.1	0.21357854938884027
26.200000000000003	0.21442158828578137
26.3	0.2152487634422978
26.400000000000002	0.21605983843818494
26.5	0.21685458701353458
26.6	0.2176327933022591
26.700000000000003	0.21839425205116098
26.8	0.21913876882405162
26.900000000000002	0.2198661601904428
27.	0.22057625389835966
27.1	0.22126888903084777
27.200000000000003	0.22194391614578035
27.3	0.22260119739859843
27.400000000000002	0.22324060664765555
27.5	0.22386202954187048
27.6	0.22446536359043573
27.700000000000003	0.22505051821436736
27.8	0.22561741477972974
27.900000000000002	0.2261659866124119
28.	0.22669617899438346
28.1	0.2272079491414069
28.200000000000003	0.22770126616223738
28.3	0.228176110999392
28.400000000000002	0.22863247635162676
28.5	0.22907036657831428
28.6	0.22948979758597132
28.700000000000003	0.22989079669723958
28.8	0.23027340250267955
28.900000000000002	0.2306376646957898
29.	0.23098364389172096
29.1	0.23131141143019862
29.200000000000003	0.23162104916322682
29.3	0.23191264922818502
29.400000000000002	0.23218631380697857
29.5	0.23244215487194322
29.6	0.23268029391924627
29.700000000000003	0.23290086169055477
29.8	0.23310399788378014
29.900000000000002	0.23328985085373025
30.	0.23345857730352512
30.1	0.2336103419676511
30.200000000000003	0.2337453172875436
30.3	0.2338636830805964
30.400000000000002	0.2339656262035046
30.5	0.23405134021084617
30.6	0.2341210250098069
30.700000000000003	0.2341748865119466
30.8	0.23421313628289087
30.900000000000002	0.23423599119082045
31.	0.2342436730546119
31.1	0.2342364082924582
31.200000000000003	0.234214427571776
31.3	0.23417796546117822
31.400000000000002	0.2341272600852563
31.5	0.23406255278288635
31.6	0.23398408776973925
31.700000000000003	0.23389211180563277
31.8	0.23378687386733069
31.900000000000002	0.2336686248273497
32.	0.23353761713929672
32.1	0.23339410453021817
32.2	0.23323834170039706
32.3	0.23307058403099726
32.400000000000006	0.23289108729990948
32.5	0.23270010740611233
32.6	0.23249790010282048
32.7	0.2322847207396574
32.8	0.23206082401404135
32.900000000000006	0.23182646373194685
33.	0.23158189257815842
33.1	0.23132736189610434
33.2	0.23106312147732264
33.3	0.2307894193605792
33.400000000000006	0.23050650164063083
33.5	0.230214612286595
33.6	0.22991399296986345
33.7	0.2296048829014738
33.8	0.22928751867882663
33.900000000000006	0.2289621341416214
34.	0.22862896023685905
34.1	0.22828822489274941
34.2	0.2279401529013383
34.3	0.22758496580966528
34.400000000000006	0.22722288181924377
34.5	0.22685411569364924
34.6	0.22647887867399236
34.7	0.2260973784020464
34.8	0.22570981885079297
34.900000000000006	0.22531640026214747
35.	0.22491731909161924
35.1	0.22451276795966432
35.2	0.22410293560948463
35.3	0.22368800687102852
35.400000000000006	0.22326816263095006
35.5	0.2228435798082852
35.6	0.22241443133560465
35.7	0.221980886145412
35.8	0.2215431091615505
35.900000000000006	0.2211012612953968
36.	0.22065549944661522
36.1	0.22020597650825932
36.2	0.21975284137600834
36.3	0.21929623896133232
36.400000000000006	0.218836310208388
36.5	0.218373192114453
36.6	0.21790701775370783
36.7	0.21743791630419054
36.8	0.21696601307774432
36.900000000000006	0.21649142955279396
37.	0.21601428340978704
37.1	0.21553468856914507
37.2	0.21505275523157494
37.3	0.21456858992059621
37.400000000000006	0.2140822955271473
37.5	0.2135939713561367
37.6	0.2131037131748132
37.7	0.21261161326283398
37.8	0.21211776046391148
37.900000000000006	0.2116222402389297
38.	0.21112513472042155
38.1	0.21062652276830415
38.2	0.21012648002677492
38.3	0.20962507898227256
38.400000000000006	0.20912238902241387
38.5	0.2086184764958178
38.6	0.2081134047727359
38.7	0.207607234306407
38.8	0.20710002269506012
38.900000000000006	0.20659182474449184
39.	0.206082692531148
39.1	0.20557267546563893
39.2	0.20506182035662576
39.300000000000004	0.2045501714750117
39.4	0.20403777061837886
39.5	0.20352465717561063
39.6	0.2030108681916436
39.7	0.202496438432294
39.800000000000004	0.20198140044910423
39.9	0.2014657846441601
40.	0.20094961933482766
40.1	0.20043293081836192
40.2	0.19991574343634172
40.300000000000004	0.1993980796388831
40.4	0.19887996004859126
40.5	0.19836140352420512
40.6	0.1978424272238953
40.7	0.1973230466681761
40.800000000000004	0.19680327580239046
40.9	0.19628312705873394
41.	0.19576261141777818
41.1	0.19524173846946116
41.2	0.19472051647350896
41.300000000000004	0.19419895241925605
41.4	0.19367705208483355
41.5	0.19315482009569285
41.6	0.19263225998243677
41.7	0.192109374237928
41.800000000000004	0.19158616437364823
41.9	0.19106263097528106
42.	0.19053877375749248
42.1	0.19001459161788614
42.2	0.18949008269010792
42.300000000000004	0.18896524439607765
42.4	0.18844007349732847
42.5	0.18791456614542998
42.6	0.18738871793147951
42.7	0.18686252393463937
42.800000000000004	0.1863359787697055
42.9	0.18580907663368995
43.	0.1852818113514009
43.1	0.18475417642000866
43.2	0.18422616505258047
43.300000000000004	0.183697770220575
43.4	0.18316898469528317
43.5	0.18263980108820596
43.6	0.18211021189035995
43.7	0.1815802095105008
43.800000000000004	0.18104978631225946
43.9	0.18051893465018304
44.	0.17998764690467575
44.1	0.17945591551583537
44.2	0.17892373301618195
44.300000000000004	0.17839109206227569
44.4	0.17785798546522333
44.5	0.17732440622007156
44.6	0.17679034753408945
44.7	0.17625580285393821
44.800000000000004	0.17572076589173438
44.9	0.17518523065000577
45.	0.17464919144554678
45.1	0.174112642932177
45.2	0.17357558012240826
45.300000000000004	0.173037998408028
45.400000000000006	0.17249989357960477
45.5	0.17196126184492522
45.6	0.17142209984637138
45.7	0.17088240467724705
45.800000000000004	0.17034217389706505
45.900000000000006	0.16980140554580547
46.	0.1692600981571577
46.1	0.16871825077075775
46.2	0.1681758629434358
46.300000000000004	0.1676329347594859
46.400000000000006	0.16708946683997383
46.5	0.1665454603510974
46.6	0.16600091701161562
46.7	0.16545583909936226
46.800000000000004	0.16491022945686115
46.900000000000006	0.1643640914960592
47.	0.16381742920219788
47.1	0.1632702471368369
47.2	0.16272255044005302
47.300000000000004	0.16217434483183027
47.400000000000006	0.16162563661266138
47.5	0.16107643266338148
47.6	0.16052674044425216
47.7	0.15997656799331783
47.800000000000004	0.1594259239240539
47.900000000000006	0.1588748174223277
48.	0.15832325824269428
48.1	0.15777125670404632
48.2	0.15721882368464143
48.300000000000004	0.1566659706165274
48.400000000000006	0.1561127094793865
48.5	0.15555905279382168
48.6	0.1550050136141059
48.7	0.15445060552041576
48.800000000000004	0.15389584261057201
48.900000000000006	0.15334073949130875
49.	0.1527853112690914
49.1	0.1522295735405081
49.2	0.15167354238225267
49.300000000000004	0.15111723434072358
49.400000000000006	0.15056066642125757
49.5	0.15000385607702135
49.6	0.14944682119758088
49.7	0.14888958009716952
49.800000000000004	0.14833215150267587
49.900000000000006	0.14777455454137098
50.	0.14721680872839543
50.1	0.14665893395402646
50.2	0.14610095047074345
50.300000000000004	0.14554287888011283
50.400000000000006	0.14498474011950913
50.5	0.14442655544869287
50.6	0.14386834643626212
50.7	0.14331013494599593
50.800000000000004	0.1427519431231079
50.900000000000006	0.14219379338042568
51.	0.14163570838451406
51.1	0.1410777110417582
51.2	0.14051982448442216
51.300000000000004	0.1399620720566987
51.400000000000006	0.13940447730076558
51.5	0.13884706394286223
51.6	0.13828985587940257
51.7	0.13773287716313587
51.800000000000004	0.13717615198937086
51.900000000000006	0.13661970468227377
52.	0.13606355968125555
52.1	0.13550774152745743
52.2	0.13495227485034852
52.300000000000004	0.13439718435444506
52.400000000000006	0.13384249480616286
52.5	0.13328823102081275
52.6	0.13273441784974804
52.7	0.13218108016767519
52.800000000000004	0.13162824286013414
52.900000000000006	0.13107593081115804
53.	0.13052416889111992
53.1	0.12997298194477394
53.2	0.12942239477949807
53.300000000000004	0.12887243215374447
53.400000000000006	0.12832311876570446
53.5	0.12777447924219296
53.6	0.1272265381277589
53.7	0.1266793198740246
53.800000000000004	0.1261328488292612
53.900000000000006	0.12558714922820186
54.	0.12504224518209756
54.1	0.12449816066901918
54.2	0.12395491952440814
54.300000000000004	0.1234125454318784
54.400000000000006	0.12287106191427222
54.5	0.12233049232497169
54.6	0.12179085983946697
54.7	0.12125218744718373
54.800000000000004	0.1207144979435691
54.900000000000006	0.12017781392243837
55.	0.1196421577685815
55.1	0.11910755165062999
55.2	0.1185740175141845
55.300000000000004	0.11804157707520131
55.400000000000006	0.11751025181363814
55.5	0.11698006296735743
55.6	0.11645103152628639
55.7	0.11592317822683236
55.800000000000004	0.11539652354655106
55.900000000000006	0.11487108769906652
56.	0.11434689062924065
56.1	0.11382395200858893
56.2	0.11330229123094203
56.300000000000004	0.11278192740834794
56.400000000000006	0.11226287936721392
56.5	0.11174516564468419
56.6	0.11122880448525078
56.7	0.11071381383759393
56.800000000000004	0.11020021135164867
56.900000000000006	0.10968801437589429
57.	0.10917723995486295
57.1	0.10866790482686371
57.2	0.10816002542191822
57.300000000000004	0.1076536178599039
57.400000000000006	0.10714869794890129
57.5	0.10664528118374059
57.6	0.10614338274474407
57.7	0.10564301749665991
57.800000000000004	0.10514419998778303
57.900000000000006	0.10464694444925896
58.	0.1041512647945661
58.1	0.10365717461917279
58.2	0.10316468720036374
58.300000000000004	0.10267381549723238
58.400000000000006	0.10218457215083414
58.5	0.10169696948449672
58.6	0.10121101950428257
58.7	0.10072673389959962
58.800000000000004	0.10024412404395512
58.900000000000006	0.09976320099584943
59.	0.0992839754998041
59.1	0.09880645798752062
59.2	0.09833065857916581
59.300000000000004	0.09785658708477842
59.400000000000006	0.09738425300579436
59.5	0.09691366553668443
59.6	0.09644483356670232
59.7	0.09597776568173716
59.800000000000004	0.0955124701662674
59.900000000000006	0.09504895500541173
60.	0.09458722788707315
60.1	0.09412729620417204
60.2	0.09366916705696456
60.300000000000004	0.09321284725544263
60.400000000000006	0.09275834332181107
60.5	0.09230566149303944
60.6	0.0918548077234835
60.7	0.0914057876875737
60.800000000000004	0.09095860678256712
60.900000000000006	0.09051327013135853
61.	0.09006978258534833
61.1	0.0896281487273635
61.2	0.0891883728746279
61.300000000000004	0.08875045908177996
61.400000000000006	0.08831441114393287
61.5	0.08788023259977618
61.6	0.08744792673471417
61.7	0.08701749658403936
61.800000000000004	0.08658894493613709
61.900000000000006	0.08616227433571984
62.	0.08573748708708731
62.1	0.08531458525741015
62.2	0.08489357068003538
62.300000000000004	0.08447444495780963
62.400000000000006	0.0840572094664193
62.5	0.08364186535774412
62.6	0.08322841356322265
62.7	0.08281685479722696
62.800000000000004	0.08240718956044471
62.900000000000006	0.08199941814326632
63.	0.08159354062917538
63.1	0.08118955689814039
63.2	0.08078746663000563
63.300000000000004	0.08038726930787997
63.400000000000006	0.07998896422152098
63.5	0.07959255047071401
63.6	0.07919802696864253
63.7	0.07880539244525077
63.800000000000004	0.07841464545059487
63.900000000000006	0.07802578435818235
64.	0.07763880736829838
64.1	0.07725371251131677
64.2	0.07687049765099566
64.30000000000001	0.07648916048775566
64.4	0.07610969856193935
64.5	0.07573210925705183
64.6	0.07535638980298023
64.7	0.07498253727919206
64.80000000000001	0.07461054861791062
64.9	0.07424042060726745
65.	0.07387214989442965
65.1	0.07350573298870305
65.2	0.07314116626460862
65.30000000000001	0.07277844596493277
65.4	0.07241756820375012
65.5	0.07205852896941785
65.6	0.07170132412754211
65.7	0.07134594942391478
65.80000000000001	0.07099240048742071
65.9	0.0706406728329146
66.	0.07029076186406699
66.1	0.06994266287617981
66.2	0.06959637105896957
66.30000000000001	0.06925188149931928
66.4	0.06890918918399797
66.5	0.06856828900234758
66.6	0.06822917574893715
66.7	0.06789184412618428
66.80000000000001	0.06755628874694287
66.9	0.06722250413705814
67.	0.066890484737887
67.1	0.06656022490878598
67.2	0.0662317189295646
67.30000000000001	0.06590496100290502
67.4	0.0655799452567477
67.5	0.06525666574664321
67.6	0.06493511645806987
67.7	0.06461529130871757
67.80000000000001	0.06429718415073743
67.9	0.06398078877295765
68.	0.06366609890306525
68.1	0.06335310820975433
68.2	0.06304181030484028
68.30000000000001	0.06273219874534067
68.4	0.0624242670355224
68.5	0.062118008628915505
68.6	0.06181341693029394
68.7	0.061510485297623124
68.80000000000001	0.06120920704397478
68.9	0.06090957543940895
69.	0.060611583712823415
69.1	0.060315225053771064
69.2	0.060020492614245254
69.30000000000001	0.059727379510433005
69.4	0.059435878824436836
69.5	0.05914598360596518
69.6	0.058857686873991684
69.7	0.0585709816183838
69.80000000000001	0.05828586080150061
69.9	0.05800231735976056
70.	0.05772034420517882
70.1	0.057439934226875426
70.2	0.05716108029255364
70.30000000000001	0.05688377524994916
70.4	0.05660801192825092
70.5	0.05633378313949251
70.6	0.056061081679916365
70.7	0.05578990033130923
70.80000000000001	0.05552023186231082
70.9	0.05525206902969437
71.	0.054985404579620714
71.10000000000001	0.05472023124886589
71.2	0.05445654176602198
71.3	0.05419432885267235
71.4	0.05393358522454104
71.5	0.05367430359261704
71.60000000000001	0.05341647666425334
71.7	0.05316009714424156
71.8	0.052905157735862046
71.9	0.05265165114191021
72.	0.052399570065699085
72.10000000000001	0.05214890721203853
72.2	0.0518996552881916
72.3	0.051651807004807995
72.4	0.05140535507683551
72.5	0.051160292224409314
72.60000000000001	0.05091661117371944
72.7	0.05067430465785725
72.8	0.05043336541764063
72.9	0.050193786202418496
73.	0.04995555977085526
73.10000000000001	0.049718678891694644
73.2	0.04948313634450459
73.3	0.049248924920401865
73.4	0.049016037422758264
73.5	0.048784466667887764
73.60000000000001	0.048554205485715186
73.7	0.04832524672042684
73.8	0.048097583231103
73.9	0.047871207892333296
74.	0.0476461135948146
74.10000000000001	0.04742229324593174
74.2	0.047199739770322054
74.3	0.04697844611042326
74.4	0.04675840522700523
74.5	0.04653961009968617
74.60000000000001	0.046322053727433136
74.7	0.04610572912904762
74.8	0.04589062934363551
74.9	0.045676747431063355
75.	0.04546407647239948
75.10000000000001	0.045252609570341225
75.2	0.04504233984962847
75.3	0.04483326045744333
75.4	0.04462536456379658
75.5	0.04441864536190122
75.60000000000001	0.04421309606853286
75.7	0.044008709924377866
75.8	0.04380548019436887
75.9	0.04360340016800842
76.	0.04340246315968085
76.10000000000001	0.04320266250895214
76.2	0.043003991580858936
76.3	0.04280644376618609
76.4	0.04261001248173326
76.5	0.04241469117057117
76.60000000000001	0.04222047330228697
76.7	0.04202735237321967
76.8	0.04183532190668531
76.9	0.04164437545319253
77.	0.04145450659064839
77.10000000000001	0.04126570892455472
77.2	0.041077976088195564
77.3	0.04089130174281517
77.4	0.0407056795777875
77.5	0.040521103310777205
77.60000000000001	0.040337566687891735
77.7	0.040155063483825686
77.8	0.03997358750199681
77.9	0.03979313257467417
78.	0.03961369256309884
78.10000000000001	0.0394352613575967
78.2	0.03925783287768434
78.3	0.03908140107216724
78.4	0.038905959919231466
78.5	0.038731503426528285
78.60000000000001	0.03855802563125187
78.7	0.03838552060021109
78.8	0.03821398242989414
78.9	0.03804340524652764
79.	0.03787378320612934
79.10000000000001	0.037705110494554786
79.2	0.037537381327538616
79.3	0.03737058995072977
79.4	0.0372047306397215
79.5	0.03703979770007601
79.60000000000001	0.03687578546734358
79.7	0.036712688307077176
79.8	0.03655050061484135
79.9	0.03638921681621696
80.	0.03622883136680091
80.10000000000001	0.03606933875220119
80.2	0.03591073348802773
80.3	0.035753010119878706
80.4	0.03559616322332259
80.5	0.03544018740387637
80.60000000000001	0.03528507729697933
80.7	0.035130827567963416
80.8	0.03497743291201931
80.9	0.03482488805415927
81.	0.03467318774917617
81.10000000000001	0.03452232678159899
81.2	0.03437229996564519
81.3	0.034223102145169486
81.4	0.034074728193609675
81.5	0.033927173013929376
81.60000000000001	0.03378043153855743
81.7	0.03363449872932491
81.8	0.03348936957739893
81.9	0.033345039103213694
82.	0.033201502356399265
82.10000000000001	0.033058754415707305
82.2	0.03291679038893467
82.3	0.03277560541284434
82.4	0.03263519465308424
82.5	0.0324955533041036
82.60000000000001	0.03235667658906726
82.7	0.03221855975976788
82.8	0.03208119809653594
82.9	0.031944586908147915
83.	0.03180872153173262
83.10000000000001	0.03167359733267545
83.2	0.03153920970452115
83.3	0.031405554068874575
83.4	0.03127262587530008
83.5	0.031140420601219226
83.60000000000001	0.031008933751806772
83.7	0.03087816085988563
83.80000000000001	0.03074809748581984
83.9	0.030618739217406793
84.	0.03049008166976761
84.10000000000001	0.030362120485236656
84.2	0.03023485133324969
84.30000000000001	0.030108269910230905
84.4	0.029982371939478832
84.5	0.029857153171051275
84.60000000000001	0.029732609381649153
84.7	0.02960873637449956
84.80000000000001	0.029485529979237604
84.9	0.029362986051787745
85.	0.02924110047424406
85.10000000000001	0.029119869154749758
85.2	0.02899928802737617
85.30000000000001	0.028879353052000695
85.4	0.028760060214184396
85.5	0.028641405525048798
85.60000000000001	0.028523385021152096
85.7	0.02840599476436501
85.80000000000001	0.028289230841745852
85.9	0.028173089365415377
86.	0.028057566472430892
86.10000000000001	0.027942658324660283
86.2	0.027828361108655497
86.30000000000001	0.02771467103552554
86.4	0.027601584340809504
86.5	0.0274890972843489
86.60000000000001	0.027377206150160076
86.7	0.027265907246306224
86.80000000000001	0.02715519690476919
86.9	0.02704507148132121
87.	0.026935527355396286
87.10000000000001	0.0268265609299617
87.2	0.026718168631389292
87.30000000000001	0.026610346909326527
87.4	0.026503092236567858
87.5	0.02639640110892567
87.60000000000001	0.026290270045101448
87.7	0.02618469558655692
87.80000000000001	0.026079674297385197
87.9	0.025975202764181974
88.	0.02587127759591678
88.10000000000001	0.0257678954238044
88.2	0.025665052901176377
88.30000000000001	0.02556274670335249
88.4	0.025460973527512674
88.5	0.02535973009256879
88.60000000000001	0.02525901313903681
88.7	0.02515881942890914
88.80000000000001	0.02505914574552699
88.9	0.024959988893453206
89.	0.02486134569834523
89.10000000000001	0.024763213006828266
89.2	0.024665587686368843
89.30000000000001	0.024568466625148527
89.4	0.02447184673193803
89.5	0.024375724935971566
89.60000000000001	0.024280098186821503
89.7	0.024184963454273525
89.80000000000001	0.024090317728201756
89.9	0.02399615801844478
90.	0.02390248135468148
90.10000000000001	0.023809284786307547
90.2	0.023716565382312437
90.30000000000001	0.023624320231156477
90.4	0.023532546440648543
90.5	0.023441241137824115
90.60000000000001	0.023350401468823712
90.7	0.02326002459877186
90.80000000000001	0.023170107711656257
90.9	0.023080648010207795
91.	0.022991642715780556
91.10000000000001	0.022903089068232584
91.2	0.02281498432580706
91.30000000000001	0.02272732576501387
91.4	0.02264011068051173
91.5	0.022553336384990727
91.60000000000001	0.02246700020905539
91.7	0.02238109950110834
91.80000000000001	0.02229563162723421
91.9	0.022210593971084297
92.	0.022125983933761632
92.10000000000001	0.022041798933706523
92.2	0.021958036406582736
92.30000000000001	0.021874693805164026
92.4	0.021791768599221436
92.5	0.021709258275410787
92.60000000000001	0.021627160337161073
92.7	0.021545472304563176
92.80000000000001	0.02146419171425906
92.9	0.021383316119331745
93.	0.021302843089195642
93.10000000000001	0.021222770209487443
93.2	0.021143095081957705
93.30000000000001	0.021063815324362762
93.4	0.020984928570357452
93.5	0.02090643246938818
93.60000000000001	0.020828324686586647
93.7	0.020750602902664148
93.80000000000001	0.020673264813806373
93.9	0.02059630813156884
94.	0.020519730582772823
94.10000000000001	0.0204435299094019
94.2	0.020367703868499037
94.30000000000001	0.020292250232064286
94.4	0.020217166786952977
94.5	0.020142451334774547
94.60000000000001	0.020068101691791875
94.7	0.01999411568882132
94.80000000000001	0.019920491171133058
94.9	0.019847225998352404
95.	0.01977431804436124
95.10000000000001	0.01970176519720035
95.2	0.01962956535897227
95.30000000000001	0.019557716445744507
95.4	0.01948621638745361
95.5	0.019415063127809634
95.60000000000001	0.01934425462420112
95.7	0.019273788847600937
95.80000000000001	0.019203663782472288
95.9	0.019133877426675668
96.	0.019064427791376078
96.10000000000001	0.018995312900950957
96.2	0.018926530792898758
96.30000000000001	0.018858079517747855
96.4	0.01878995713896625
96.5	0.01872216173287167
96.60000000000001	0.018654691388542314
96.7	0.018587544207728162
96.80000000000001	0.01852071830476275
96.9	0.018454211806475652
97.	0.018388022852105352
97.10000000000001	0.018322149593212805
97.2	0.018256590193595462
97.30000000000001	0.018191342829201883
97.4	0.018126405688046913
97.5	0.018061776970127345
97.60000000000001	0.017997454887338185
97.7	0.01793343766338947
97.80000000000001	0.017869723533723517
97.9	0.017806310745432926
98.	0.017743197557178837
98.10000000000001	0.01768038223910996
98.2	0.017617863072782076
98.30000000000001	0.017555638351077946
98.4	0.017493706378127957
98.5	0.01743206546923112
98.60000000000001	0.01737071395077665
98.7	0.01730965016016615
98.80000000000001	0.01724887244573616
98.9	0.017188379166681412
99.	0.017128168692978365
99.10000000000001	0.017068239405309507
99.2	0.017008589694988002
99.30000000000001	0.016949217963882893
99.4	0.016890122624344823
99.5	0.016831302099132254
99.60000000000001	0.016772754821338165
99.7	0.016714479234317323
99.80000000000001	0.01665647379161393
99.9	0.01659873695688993
100.	0.01654126720385362
100.10000000000001	0.01648406301618889
100.2	0.01642712288748494
100.30000000000001	0.01637044532116638
100.4	0.016314028830423953
100.5	0.016257871938145634
100.60000000000001	0.01620197317684823
100.7	0.016146331088609536
100.80000000000001	0.01609094422500079
100.9	0.016035811147019803
101.	0.015980930425024423
101.10000000000001	0.015926300638666464
101.2	0.01587192037682621
101.30000000000001	0.01581778823754725
101.4	0.015763902827971844
101.5	0.015710262764276697
101.60000000000001	0.015656866671609267
101.7	0.015603713184024436
101.80000000000001	0.015550800944421645
101.9	0.015498128604482552
102.	0.015445694824608997
102.10000000000001	0.015393498273861536
102.2	0.015341537629898344
102.30000000000001	0.015289811578914538
102.4	0.015238318815582028
102.5	0.015187058042989659
102.60000000000001	0.015136027972583848
102.7	0.015085227324109749
102.80000000000001	0.015034654825552591
102.9	0.014984309213079725
103.	0.014934189230982825
103.10000000000001	0.014884293631620695
103.2	0.014834621175362427
103.30000000000001	0.014785170630530859
103.4	0.014735940773346667
103.5	0.014686930387872615
103.60000000000001	0.014638138265958405
103.7	0.014589563207185796
103.80000000000001	0.014541204018814159
103.9	0.01449305951572647
104.	0.014445128520375633
104.10000000000001	0.014397409862731183
104.2	0.014349902380226463
104.30000000000001	0.014302604917706085
104.4	0.01425551632737384
104.5	0.014208635468740925
104.60000000000001	0.014161961208574615
104.7	0.014115492420847264
104.80000000000001	0.014069227986685664
104.9	0.014023166794320844
105.	0.013977307739038138
105.10000000000001	0.013931649723127677
105.2	0.013886191655835262
105.30000000000001	0.013840932453313522
105.4	0.013795871038573495
105.5	0.013751006341436531
105.60000000000001	0.013706337298486535
105.7	0.01366186285302263
105.80000000000001	0.013617581955012035
105.9	0.013573493561043468
106.	0.013529596634280676
106.10000000000001	0.013485890144416502
106.2	0.013442373067627167
106.30000000000001	0.013399044386526952
106.4	0.01335590309012316
106.5	0.013312948173771426
106.60000000000001	0.013270178639131408
106.7	0.013227593494122704
106.80000000000001	0.013185191752881194
106.9	0.013142972435715624
107.	0.01310093456906456
107.10000000000001	0.013059077185453606
107.2	0.013017399323453034
107.30000000000001	0.012975900027635592
107.4	0.012934578348534738
107.5	0.012893433342603126
107.60000000000001	0.01285246407217137
107.7	0.01281166960540723
107.80000000000001	0.012771049016274929
107.9	0.012730601384494908
108.	0.012690325795503834
108.10000000000001	0.01265022134041484
108.2	0.012610287115978202
108.30000000000001	0.012570522224542134
108.4	0.012530925774014018
108.5	0.012491496877821808
108.60000000000001	0.01245223465487582
108.7	0.012413138229530694
108.80000000000001	0.012374206731547757
108.9	0.012335439296057567
109.	0.012296835063522771
109.10000000000001	0.012258393179701227
109.2	0.012220112795609438
109.30000000000001	0.012181993067486187
109.4	0.0121440331567565
109.5	0.012106232229995842
109.60000000000001	0.01206858945889458
109.7	0.012031104020222746
109.80000000000001	0.011993775095794974
109.9	0.011956601872435831
110.	0.011919583541945245
110.10000000000001	0.011882719301064304
110.2	0.011846008351441284
110.30000000000001	0.011809449899597892
110.4	0.011773043156895785
110.5	0.011736787339503335
110.60000000000001	0.011700681668362639
110.7	0.011664725369156772
110.80000000000001	0.011628917672277257
110.9	0.011593257812791845
111.	0.011557745030412424
111.10000000000001	0.011522378569463271
111.2	0.011487157678849494
111.30000000000001	0.01145208161202565
111.4	0.011417149626964744
111.5	0.011382360986127268
111.60000000000001	0.011347714956430633
111.7	0.011313210809218722
111.80000000000001	0.011278847820231691
111.9	0.011244625269576071
112.	0.01121054244169492
112.10000000000001	0.011176598625338386
112.2	0.011142793113534364
112.30000000000001	0.011109125203559384
112.4	0.011075594196909793
112.5	0.011042199399273032
112.60000000000001	0.011008940120499194
112.7	0.010975815674572805
112.80000000000001	0.01094282537958476
112.9	0.010909968557704515
113.	0.01087724453515245
113.10000000000001	0.010844652642172426
113.2	0.01081219221300462
113.30000000000001	0.01077986258585843
113.4	0.010747663102885737
113.5	0.010715593110154199
113.60000000000001	0.010683651957620872
113.7	0.010651838999105975
113.80000000000001	0.0106201535922668
113.9	0.010588595098571936
114.	0.01055716288327554
114.10000000000001	0.010525856315391895
114.2	0.01049467476767012
114.30000000000001	0.010463617616569068
114.4	0.010432684242232418
114.5	0.010401874028463907
114.60000000000001	0.010371186362702824
114.7	0.0103406206359996
114.80000000000001	0.010310176242991636
114.9	0.010279852581879268
115.	0.010249649054401946
115.10000000000001	0.010219565065814533
115.2	0.010189600024863847
115.30000000000001	0.010159753343765324
115.4	0.010130024438179853
115.5	0.010100412727190807
115.60000000000001	0.010070917633281228
115.7	0.010041538582311183
115.80000000000001	0.010012275003495238
115.9	0.00998312632938023
116.	0.009954091995823006
116.10000000000001	0.009925171441968491
116.2	0.009896364110227844
116.30000000000001	0.009867669446256768
116.4	0.00983908689893401
116.5	0.009810615920339978
116.60000000000001	0.009782255965735554
116.7	0.009754006493541042
116.80000000000001	0.009725866965315248
116.9	0.009697836845734773
117.	0.00966991560257337
117.10000000000001	0.00964210270668153
117.2	0.009614397631966184
117.30000000000001	0.009586799855370535
117.4	0.009559308856854066
117.5	0.009531924119372679
117.60000000000001	0.009504645128858973
117.7	0.009477471374202687
117.80000000000001	0.009450402347231249
117.9	0.009423437542690514
118.	0.009396576458225576
118.10000000000001	0.00936981859436178
118.2	0.00934316345448586
118.30000000000001	0.009316610544827164
118.4	0.009290159374439099
118.5	0.009263809455180603
118.60000000000001	0.00923756030169786
118.7	0.009211411431406094
118.80000000000001	0.00918536236447145
118.9	0.009159412623793117
119.	0.009133561734985463
119.10000000000001	0.009107809226360385
119.2	0.00908215462890974
119.30000000000001	0.009056597476287905
119.4	0.009031137304794502
119.5	0.00900577365335717
119.60000000000001	0.008980506063514561
119.7	0.008955334079399357
119.80000000000001	0.008930257247721507
119.9	0.00890527511775148
120.	0.008880387241303737
120.10000000000001	0.008855593172720245
120.2	0.008830892468854164
120.30000000000001	0.008806284689053614
120.4	0.00878176939514558
120.5	0.008757346151419923
120.60000000000001	0.008733014524613482
120.7	0.008708774083894366
120.80000000000001	0.008684624400846245
120.9	0.00866056504945287
121.	0.0086365956060826
121.10000000000001	0.008612715649473112
121.2	0.008588924760716217
121.30000000000001	0.008565222523242688
121.4	0.008541608522807359
121.5	0.008518082347474181
121.60000000000001	0.00849464358760146
121.7	0.008471291835827196
121.80000000000001	0.008448026687054504
121.9	0.008424847738437151
122.	0.00840175458936518
122.10000000000001	0.008378746841450674
122.2	0.008355824098513586
122.30000000000001	0.008332985966567667
122.4	0.00831023205380653
122.5	0.008287561970589769
122.60000000000001	0.008264975329429198
122.7	0.0082424717449752
122.80000000000001	0.008220050834003154
122.9	0.008197712215399937
123.	0.008175455510150594
123.10000000000001	0.008153280341324995
123.2	0.008131186334064698
123.30000000000001	0.008109173115569825
123.4	0.00808724031508606
123.5	0.008065387563891734
123.60000000000001	0.00804361449528501
123.7	0.008021920744571153
123.80000000000001	0.008000305949049866
123.9	0.007978769748002768
124.	0.0079573117826809
124.10000000000001	0.007935931696292356
124.2	0.007914629133989997
124.30000000000001	0.007893403742859243
124.4	0.007872255171905951
124.5	0.007851183072044365
124.60000000000001	0.007830187096085196
124.7	0.007809266898723729
124.80000000000001	0.007788422136528049
124.9	0.007767652467927339
125.	0.007746957553200251
125.10000000000001	0.007726337054463369
125.2	0.007705790635659768
125.30000000000001	0.007685317962547594
125.4	0.00766491870268881
125.5	0.007644592525437946
125.60000000000001	0.007624339101930957
125.7	0.007604158105074167
125.80000000000001	0.007584049209533268
125.9	0.007564012091722428
126.	0.007544046429793423
126.10000000000001	0.007524151903624892
126.2	0.007504328194811666
126.30000000000001	0.007484574986654113
126.4	0.007464891964147638
126.5	0.007445278813972189
126.60000000000001	0.007425735224481867
126.7	0.007406260885694627
126.80000000000001	0.007386855489281991
126.9	0.007367518728558887
127.	0.007348250298473529
127.10000000000001	0.007329049895597384
127.2	0.007309917218115199
127.30000000000001	0.007290851965815079
127.4	0.007271853840078693
127.5	0.007252922543871454
127.60000000000001	0.007234057781732852
127.7	0.007215259259766822
127.80000000000001	0.007196526685632148
127.9	0.007177859768532997
128.	0.007159258219209445
128.10000000000002	0.007140721749928134
128.2	0.007122250074472954
128.3	0.007103842908135777
128.4	0.007085499967707315
128.5	0.007067220971467964
128.60000000000002	0.00704900563917877
128.7	0.0070308536920724385
128.8	0.0070127648528443606
128.9	0.006994738845643792
129.	0.006976775396065012
129.10000000000002	0.00695887423113857
129.2	0.006941035079322616
129.3	0.006923257670494219
129.4	0.006905541735940853
129.5	0.006887887008351838
129.60000000000002	0.006870293221809886
129.7	0.006852760111782724
129.8	0.006835287415114697
129.9	0.006817874870018553
130.	0.006800522216067147
130.10000000000002	0.006783229194185284
130.2	0.006765995546641628
130.3	0.0067488210170405715
130.4	0.006731705350314292
130.5	0.006714648292714748
130.60000000000002	0.0066976495918057875
130.7	0.006680708996455311
130.8	0.006663826256827441
130.9	0.006647001124374813
131.	0.006630233351830855
131.10000000000002	0.006613522693202149
131.2	0.006596868903760863
131.3	0.006580271740037167
131.4	0.006563730959811794
131.5	0.00654724632210857
131.60000000000002	0.00653081758718701
131.7	0.006514444516535045
131.8	0.006498126872861622
131.9	0.006481864420089583
132.	0.0064656569233483814
132.10000000000002	0.006449504148966976
132.2	0.006433405864466728
132.3	0.006417361838554329
132.4	0.006401371841114841
132.5	0.0063854356432047
132.60000000000002	0.006369553017044807
132.7	0.006353723736013699
132.8	0.006337947574640676
132.9	0.006322224308599086
133.	0.00630655371469953
133.10000000000002	0.006290935570883236
133.2	0.006275369656215405
133.3	0.006259855750878568
133.4	0.006244393636166102
133.5	0.006228983094475681
133.60000000000002	0.006213623909302804
133.7	0.006198315865234402
133.8	0.006183058747942432
133.9	0.006167852344177539
134.	0.006152696441762775
134.10000000000002	0.006137590829587325
134.2	0.006122535297600309
134.3	0.006107529636804582
134.4	0.0060925736392506355
134.5	0.006077667098030478
134.60000000000002	0.006062809807271587
134.7	0.006048001562130921
134.8	0.006033242158788882
134.9	0.006018531394443468
135.	0.006003869067304302
135.1	0.005989254976586815
135.20000000000002	0.00597468892250641
135.3	0.005960170706272699
135.4	0.005945700130083739
135.5	0.005931276997120333
135.6	0.005916901111540365
135.70000000000002	0.005902572278473168
135.8	0.005888290304013936
135.9	0.005874054995218139
136.	0.005859866160096033
136.1	0.005845723607607151
136.20000000000002	0.0058316271476548595
136.3	0.005817576591080958
136.4	0.0058035717496602605
136.5	0.005789612436095293
136.6	0.005775698464010948
136.70000000000002	0.0057618296479492286
136.8	0.005748005803364007
136.9	0.005734226746615796
137.	0.005720492294966595
137.1	0.0057068022665747375
137.20000000000002	0.0056931564804897855
137.3	0.005679554756647454
137.4	0.005665996915864571
137.5	0.005652482779834059
137.6	0.005639012171119966
137.70000000000002	0.0056255849131525105
137.8	0.0056122008302231805
137.9	0.005598859747479839
138.	0.005585561490921868
138.1	0.005572305887395368
138.20000000000002	0.005559092764588341
138.3	0.005545921951025968
138.4	0.005532793276065846
138.5	0.005519706569893304
138.6	0.005506661663516737
138.70000000000002	0.005493658388762954
138.8	0.005480696578272611
138.9	0.005467776065495564
139.	0.00545489668468638
139.1	0.005442058270899778
139.20000000000002	0.005429260659986151
139.3	0.005416503688587113
139.4	0.0054037871941310395
139.5	0.005391111014828675
139.6	0.005378474989668748
139.70000000000002	0.005365878958413628
139.8	0.005353322761594989
139.9	0.005340806240509524
140.	0.0053283292372146695
140.1	0.00531589159452436
140.20000000000002	0.005303493156004815
140.3	0.005291133765970362
140.4	0.005278813269479255
140.5	0.005266531512329541
140.6	0.005254288341054966
140.70000000000002	0.005242083602920867
140.8	0.00522991714592014
140.9	0.005217788818769181
141.	0.005205698470903888
141.1	0.005193645952475688
141.20000000000002	0.005181631114347562
141.3	0.005169653808090134
141.4	0.005157713885977732
141.5	0.005145811200984535
141.6	0.005133945606780696
141.70000000000002	0.005122116957728504
141.8	0.005110325108878595
141.9	0.005098569915966135
142.	0.005086851235407075
142.1	0.005075168924294407
142.20000000000002	0.005063522840394442
142.3	0.005051912842143122
142.4	0.005040338788642345
142.5	0.005028800539656321
142.6	0.0050172979556079335
142.70000000000002	0.005005830897575161
142.8	0.004994399227287472
142.9	0.0049830028071222825
143.	0.004971641500101408
143.1	0.004960315169887558
143.20000000000002	0.004949023680780836
143.3	0.004937766897715281
143.4	0.004926544686255404
143.5	0.004915356912592763
143.6	0.004904203443542559
143.70000000000002	0.004893084146540245
143.8	0.004881998889638182
143.9	0.004870947541502249
144.	0.004859929971408569
144.1	0.004848946049240172
144.20000000000002	0.004837995645483723
144.3	0.00482707863122627
144.4	0.004816194878151979
144.5	0.0048053442585389225
144.6	0.004794526645255876
144.70000000000002	0.004783741911759139
144.8	0.0047729899320893615
144.9	0.004762270580868402
145.	0.004751583733296209
145.1	0.004740929265147696
145.20000000000002	0.004730307052769675
145.3	0.004719716973077784
145.4	0.004709158903553423
145.5	0.004698632722240729
145.6	0.004688138307743579
145.70000000000002	0.004677675539222562
145.8	0.004667244296392042
145.9	0.004656844459517169
146.	0.004646475909410949
146.1	0.004636138527431327
146.20000000000002	0.004625832195478268
146.3	0.0046155567959908946
146.4	0.004605312211944585
146.5	0.004595098326848142
146.6	0.004584915024740956
146.70000000000002	0.004574762190190178
146.8	0.004564639708287932
146.9	0.004554547464648516
147.	0.0045444853454056425
147.1	0.004534453237209688
147.20000000000002	0.004524451027224956
147.3	0.00451447860312697
147.4	0.00450453585309975
147.5	0.00449462266583315
147.6	0.0044847389305201785
147.70000000000002	0.004474884536854341
147.8	0.004465059375027014
147.9	0.0044552633357248204
148.	0.004445496310127024
148.1	0.004435758189902921
148.20000000000002	0.004426048867209303
148.3	0.004416368234687865
148.4	0.004406716185462684
148.5	0.004397092613137666
148.6	0.004387497411794056
148.70000000000002	0.004377930475987927
148.8	0.004368391700747708
148.9	0.004358880981571694
149.	0.004349398214425609
149.1	0.004339943295740166
149.20000000000002	0.004330516122408628
149.3	0.004321116591784421
149.4	0.004311744601678711
149.5	0.004302400050358038
149.6	0.004293082836541947
149.70000000000002	0.004283792859400627
149.8	0.004274530018552578
149.9	0.004265294214062284
150.	0.004256085346437887
150.1	0.0042469033166289095
150.20000000000002	0.004237748026023956
150.3	0.004228619376448442
150.4	0.004219517270162338
150.5	0.004210441609857924
150.6	0.004201392298657555
150.70000000000002	0.0041923692401114425
150.8	0.004183372338195458
150.9	0.004174401497308924
151.	0.004165456622272447
151.1	0.004156537618325739
151.20000000000002	0.004147644391125474
151.3	0.004138776846743143
151.4	0.00412993489166292
151.5	0.004121118432779547
151.6	0.004112327377396232
151.70000000000002	0.0041035616332225485
151.8	0.004094821108372378
151.9	0.00408610571136181
152.	0.0040774153511071035
152.1	0.004068749936922648
152.20000000000002	0.004060109378518923
152.3	0.004051493586000474
152.4	0.004042902469863916
152.5	0.00403433594099593
152.6	0.004025793910671272
152.70000000000002	0.004017276290550804
152.8	0.004008782992679544
152.9	0.004000313929484696
153.	0.003991869013773718
153.1	0.003983448158732394
153.20000000000002	0.003975051277922913
153.3	0.00396667828528198
153.4	0.0039583290951188885
153.5	0.003950003622113665
153.6	0.003941701781315187
153.70000000000002	0.003933423488139306
153.8	0.003925168658367026
153.9	0.003916937208142631
154.	0.003908729053971873
154.1	0.0039005441127201433
154.20000000000002	0.003892382301610661
154.3	0.003884243538222697
154.4	0.0038761277404897494
154.5	0.0038680348266977855
154.6	0.0038599647154834724
154.70000000000002	0.0038519173258324112
154.8	0.0038438925770773982
154.9	0.003835890388896682
155.	0.003827910681312225
155.1	0.003819953374688003
155.20000000000002	0.003812018389728281
155.3	0.003804105647475929
155.4	0.0037962150693107125
155.5	0.0037883465769476365
155.6	0.0037805000924352535
155.70000000000002	0.003772675538154008
155.8	0.003764872836814606
155.9	0.003757091911456342
156.	0.003749332685445483
156.1	0.0037415950824736463
156.20000000000002	0.003733879026556174
156.3	0.0037261844420305476
156.4	0.0037185112535547678
156.5	0.003710859386105788
156.6	0.0037032287649779185
156.70000000000002	0.0036956193157812755
156.8	0.003688030964440209
156.9	0.0036804636371917513
157.	0.0036729172605840807
157.1	0.0036653917614749816
157.20000000000002	0.0036578870670303217
157.3	0.0036504031047225366
157.4	0.0036429398023291194
157.5	0.003635497087931119
157.6	0.003628074889911649
157.70000000000002	0.0036206731369544084
157.8	0.00361329175804221
157.9	0.0036059306824555025
158.	0.0035985898397709174
158.1	0.003591269159859823
158.20000000000002	0.0035839685728868732
158.3	0.0035766880093085892
158.4	0.0035694273998719177
158.5	0.0035621866756128167
158.6	0.0035549657678548507
158.70000000000002	0.0035477646082077807
158.8	0.003540583128566182
158.9	0.0035334212611080416
159.	0.0035262789382933873
159.1	0.003519156092862925
159.20000000000002	0.0035120526578366527
159.3	0.0035049685665125277
159.4	0.0034979037524651073
159.5	0.0034908581495441985
159.6	0.0034838316918735417
159.70000000000002	0.0034768243138494754
159.8	0.003469835950139618
159.9	0.003462866535681554
160.	0.003455916005681534
160.1	0.00344898429561317
160.20000000000002	0.003442071341216153
160.3	0.0034351770784949707
160.4	0.0034283014437176216
160.5	0.0034214443734143537
160.60000000000002	0.003414605804376401
160.70000000000002	0.003407785673654728
160.8	0.0034009839185587844
160.9	0.0033942004766552548
161.	0.003387435285766834
161.10000000000002	0.0033806882839709966
161.20000000000002	0.0033739594095987735
161.3	0.0033672486012335384
161.4	0.0033605557977098013
161.5	0.0033538809381120083
161.60000000000002	0.0033472239617733344
161.70000000000002	0.003340584808274526
161.8	0.003333963417442684
161.9	0.003327359729350109
162.	0.0033207736843131274
162.10000000000002	0.003314205222890929
162.20000000000002	0.0033076542858844165
162.3	0.003301120814335045
162.4	0.0032946047495236858
162.5	0.0032881060329694872
162.60000000000002	0.0032816246064287435
162.70000000000002	0.003275160411893772
162.8	0.003268713391591791
162.9	0.0032622834879838082
163.	0.003255870643763514
163.10000000000002	0.00324947480185618
163.20000000000002	0.003243095905417568
163.3	0.003236733897832832
163.4	0.0032303887227154438
163.5	0.003224060323906114
163.60000000000002	0.003217748645471718
163.70000000000002	0.003211453631704232
163.8	0.003205175227119675
163.9	0.003198913376457045
164.	0.0031926680246772863
164.10000000000002	0.0031864391169622317
164.20000000000002	0.0031802265987135783
164.3	0.0031740304155518416
164.4	0.0031678505133153423
164.5	0.003161686838059177
164.60000000000002	0.003155539336054201
164.70000000000002	0.0031494079537860375
164.8	0.0031432926379540457
164.9	0.00313719333547034
165.	0.00313110999345879
165.10000000000002	0.0031250425592540343
165.20000000000002	0.0031189909804004985
165.3	0.003112955204651409
165.4	0.003106935179967834
165.5	0.003100930854517705
165.60000000000002	0.003094942176674856
165.70000000000002	0.003088969095018074
165.8	0.0030830115583301335
165.9	0.003077069515596864
166.	0.003071142916006195
166.10000000000002	0.003065231708947227
166.20000000000002	0.0030593358440093037
166.3	0.003053455270981067
166.4	0.003047589939849551
166.5	0.0030417398007992645
166.60000000000002	0.003035904804211264
166.70000000000002	0.0030300849006622654
166.8	0.0030242800409237235
166.9	0.003018490175960947
167.	0.0030127152569321956
167.10000000000002	0.003006955235187794
167.20000000000002	0.003001210062269258
167.3	0.002995479689908399
167.4	0.002989764070026457
167.5	0.002984063154733231
167.60000000000002	0.002978376896326211
167.70000000000002	0.0029727052472897243
167.8	0.0029670481602940635
167.9	0.0029614055881946504
168.	0.0029557774840311825
168.10000000000002	0.002950163801026783
168.20000000000002	0.0029445644925871766
168.3	0.0029389795122998397
168.4	0.0029334088139331845
168.5	0.002927852351435719
168.60000000000002	0.002922310078935236
168.70000000000002	0.0029167819507379977
168.8	0.0029112679213279136
168.9	0.0029057679453657363
169.	0.0029002819776882604
169.10000000000002	0.0028948099733075144
169.20000000000002	0.002889351887409978
169.3	0.0028839076753557754
169.4	0.0028784772926778953
169.5	0.002873060695081406
169.60000000000002	0.0028676578384426764
169.70000000000002	0.002862268678808599
169.8	0.002856893172395824
169.9	0.0028515312755899775
170.	0.002846182944944913
170.10000000000002	0.002840848137181945
170.20000000000002	0.002835526809189097
170.3	0.0028302189180203423
170.4	0.0028249244208948623
170.5	0.0028196432751963012
170.60000000000002	0.002814375438472025
170.70000000000002	0.0028091208684323877
170.8	0.0028038795229499906
170.9	0.0027986513600589654
171.	0.002793436337954238
171.10000000000002	0.0027882344149908127
171.20000000000002	0.002783045549683058
171.3	0.0027778697007039823
171.4	0.0027727068268845307
171.5	0.00276755688721288
171.60000000000002	0.002762419840833728
171.70000000000002	0.0027572956470476046
171.8	0.0027521842653101623
171.9	0.0027470856552314978
172.	0.0027419997765754495
172.10000000000002	0.0027369265892589266
172.20000000000002	0.002731866053351216
172.3	0.0027268181290733095
172.4	0.0027217827767972245
172.5	0.0027167599570453375
172.60000000000002	0.002711749630489712
172.70000000000002	0.002706751757951438
172.8	0.0027017663003999653
172.9	0.002696793218952452
173.	0.0026918324748731043
173.10000000000002	0.002686884029572527
173.20000000000002	0.002681947844607076
173.3	0.002677023881678217
173.4	0.0026721121026318734
173.5	0.0026672124694578038
173.60000000000002	0.00266232494428895
173.70000000000002	0.0026574494894008216
173.8	0.002652586067210855
173.9	0.002647734640277794
174.	0.0026428951713010655
174.10000000000002	0.0026380676231201614
174.20000000000002	0.0026332519587140236
174.3	0.0026284481412004283
174.4	0.0026236561338353792
174.5	0.0026188759000124948
174.60000000000002	0.0026141074032624144
174.70000000000002	0.002609350607252193
174.8	0.002604605475784698
174.9	0.0025998719727980237
175.	0.002595150062364891
175.10000000000002	0.0025904397086920676
175.20000000000002	0.0025857408761197774
175.3	0.0025810535291211144
175.4	0.0025763776323014685
175.5	0.002571713150397949
175.60000000000002	0.002567060048278802
175.70000000000002	0.002562418290942851
175.8	0.0025577878435189185
175.9	0.0025531686712652675
176.	0.0025485607395690315
176.10000000000002	0.0025439640139456625
176.20000000000002	0.002539378460038369
176.3	0.002534804043617561
176.4	0.0025302407305803033
176.5	0.002525688486949757
176.60000000000002	0.002521147278874644
176.70000000000002	0.0025166170726287017
176.8	0.002512097834610133
176.9	0.0025075895313410802
177.	0.0025030921294670783
177.10000000000002	0.002498605595756533
177.20000000000002	0.0024941298971001844
177.3	0.0024896650005105762
177.4	0.0024852108731215437
177.5	0.0024807674821876726
177.60000000000002	0.002476334795083795
177.70000000000002	0.0024719127793044683
177.8	0.002467501402463453
177.9	0.0024631006322932128
178.	0.0024587104366443936
178.10000000000002	0.002454330783485321
178.20000000000002	0.002449961640901501
178.3	0.002445602977095109
178.4	0.002441254760384494
178.5	0.002436916959203681
178.60000000000002	0.0024325895421018775
178.70000000000002	0.002428272477742982
178.8	0.0024239657349050888
178.9	0.0024196692824800035
179.	0.0024153830894727635
179.10000000000002	0.0024111071250011414
179.20000000000002	0.0024068413582951816
179.3	0.002402585758696707
179.4	0.002398340295658853
179.5	0.0023941049387455893
179.60000000000002	0.00238987965763125
179.70000000000002	0.0023856644221000663
179.8	0.0023814592020457007
179.9	0.002377263967470775
180.	0.0023730786884864174
180.10000000000002	0.0023689033353117965
180.20000000000002	0.002364737878273671
180.3	0.0023605822878059253
180.4	0.002356436534449123
180.5	0.002352300588850051
180.60000000000002	0.0023481744217612767
180.70000000000002	0.0023440580040406975
180.8	0.002339951306651094
180.9	0.0023358543006596934
181.	0.0023317669572377247
181.10000000000002	0.0023276892476599836
181.20000000000002	0.0023236211433043967
181.3	0.0023195626156515847
181.4	0.002315513636284432
181.5	0.002311474176887659
181.60000000000002	0.0023074442092473903
181.70000000000002	0.002303423705250736
181.8	0.0022994126368853624
181.9	0.0022954109762390713
182.	0.0022914186954993794
182.10000000000002	0.0022874357669531065
182.20000000000002	0.002283462162985958
182.3	0.0022794978560821072
182.4	0.0022755428188237833
182.5	0.002271597023890874
182.60000000000002	0.0022676604440604988
182.70000000000002	0.0022637330522066253
182.8	0.0022598148212996452
182.9	0.0022559057244059856
183.	0.0022520057346877053
183.10000000000002	0.0022481148254020946
183.20000000000002	0.0022442329699012826
183.3	0.0022403601416318432
183.4	0.0022364963141344035
183.5	0.0022326414610432453
183.60000000000002	0.002228795556085926
183.70000000000002	0.002224958573082893
183.8	0.0022211304859470924
183.9	0.002217311268683584
184.	0.0022135008953891692
184.10000000000002	0.0022096993402520057
184.20000000000002	0.0022059065775512318
184.3	0.0022021225816565904
184.4	0.002198347327028053
184.5	0.002194580788215449
184.60000000000002	0.002190822939858095
184.70000000000002	0.002187073756684432
184.8	0.0021833332135116445
184.9	0.0021796012852453076
185.	0.00217587794687902
185.10000000000002	0.002172163173494041
185.20000000000002	0.0021684569402589285
185.3	0.0021647592224291884
185.4	0.0021610699953469067
185.5	0.0021573892344404037
185.60000000000002	0.0021537169152238745
185.70000000000002	0.002150053013297045
185.8	0.0021463975043448107
185.9	0.002142750364136899
186.	0.0021391115685275132
186.10000000000002	0.0021354810934549957
186.20000000000002	0.0021318589149414784
186.3	0.0021282450090925457
186.4	0.002124639352096886
186.5	0.0021210419202259637
186.60000000000002	0.002117452689833673
186.70000000000002	0.0021138716373560094
186.8	0.0021102987393107277
186.9	0.002106733972297018
187.	0.0021031773129951666
187.10000000000002	0.002099628738166233
187.20000000000002	0.0020960882246517224
187.3	0.002092555749373253
187.4	0.0020890312893322343
187.5	0.0020855148216095453
187.60000000000002	0.0020820063233652135
187.70000000000002	0.0020785057718380917
187.8	0.002075013144345542
187.9	0.002071528418283111
188.	0.002068051571124225
188.10000000000002	0.002064582580419869
188.20000000000002	0.0020611214237982755
188.3	0.002057668078964609
188.4	0.002054222523700664
188.5	0.0020507847358645485
188.60000000000002	0.00204735469339038
188.70000000000002	0.0020439323742879817
188.8	0.0020405177566425767
188.9	0.002037110818614479
189.	0.0020337115384388023
189.10000000000002	0.0020303198944251525
189.20000000000002	0.0020269358649573337
189.3	0.0020235594284930456
189.4	0.0020201905635635897
189.5	0.002016829248773576
189.60000000000002	0.0020134754628006266
189.70000000000002	0.0020101291843950906
189.8	0.002006790392379741
189.9	0.0020034590656494984
190.	0.0020001351831711355
190.10000000000002	0.001996818723982988
190.20000000000002	0.001993509667194682
190.3	0.0019902079919868346
190.4	0.001986913677610778
190.5	0.0019836267033882787
190.60000000000002	0.001980347048711257
190.70000000000002	0.001977074693041508
190.8	0.0019738096159104186
190.9	0.0019705517969187017
191.	0.001967301215736111
191.10000000000002	0.0019640578521011717
191.20000000000002	0.001960821685820908
191.3	0.0019575926967705715
191.4	0.001954370864893369
191.5	0.001951156170200195
191.60000000000002	0.0019479485927693628
191.70000000000002	0.0019447481127463453
191.8	0.0019415547103434948
191.9	0.0019383683658397925
192.	0.0019351890595805789
192.10000000000002	0.0019320167719772954
192.20000000000002	0.001928851483507221
192.3	0.0019256931747132144
192.4	0.0019225418262034538
192.5	0.001919397418651185
192.60000000000002	0.0019162599327944578
192.70000000000002	0.0019131293494358788
192.8	0.0019100056494423532
192.9	0.001906888813744833
193.	0.0019037788233380684
193.10000000000002	0.0019006756592803518
193.20000000000002	0.001897579302693277
193.3	0.0018944897347614841
193.4	0.0018914069367324162
193.5	0.0018883308899160735
193.60000000000002	0.0018852615756847658
193.70000000000002	0.0018821989754728736
193.8	0.0018791430707766042
193.9	0.0018760938431537453
194.	0.001873051274223432
194.10000000000002	0.001870015345665904
194.20000000000002	0.0018669860392222714
194.3	0.001863963336694268
194.4	0.0018609472199440247
194.5	0.0018579376708938325
194.60000000000002	0.0018549346715259062
194.70000000000002	0.001851938203882155
194.8	0.0018489482500639468
194.9	0.0018459647922318776
195.	0.0018429878126055477
195.10000000000002	0.0018400172934633257
195.20000000000002	0.0018370532171421254
195.3	0.0018340955660371752
195.4	0.0018311443226017978
195.5	0.0018281994693471802
195.60000000000002	0.001825260988842152
195.70000000000002	0.0018223288637129662
195.8	0.0018194030766430689
195.9	0.0018164836103728888
196.	0.0018135704476996105
196.10000000000002	0.0018106635714769555
196.20000000000002	0.001807762964614971
196.3	0.0018048686100798066
196.4	0.001801980490893499
196.5	0.0017990985901337598
196.60000000000002	0.0017962228909337598
196.70000000000002	0.0017933533764819174
196.8	0.001790490030021686
196.9	0.001787632834851339
197.	0.0017847817743237634
197.10000000000002	0.0017819368318462525
197.20000000000002	0.0017790979908802955
197.3	0.0017762652349413632
197.4	0.001773438547598714
197.5	0.001770617912475179
197.60000000000002	0.0017678033132469575
197.70000000000002	0.0017649947336434218
197.8	0.0017621921574469035
197.9	0.0017593955684924957
198.	0.0017566049506678538
198.10000000000002	0.0017538202879129926
198.20000000000002	0.0017510415642200874
198.3	0.0017482687636332763
198.4	0.0017455018702484605
198.5	0.0017427408682131112
198.60000000000002	0.0017399857417260665
198.70000000000002	0.001737236475037346
198.8	0.0017344930524479496
198.9	0.0017317554583096638
199.	0.001729023677024872
199.10000000000002	0.0017262976930463633
199.20000000000002	0.0017235774908771404
199.3	0.0017208630550702268
199.4	0.001718154370228482
199.5	0.0017154514210044086
199.60000000000002	0.0017127541920999682
199.70000000000002	0.001710062668266395
199.8	0.0017073768343040061
199.9	0.0017046966750620196
200.	0.0017020221754383662
200.10000000000002	0.0016993533203795111
200.20000000000002	0.0016966900948802688
200.3	0.0016940324839836182
200.4	0.0016913804727805232
200.5	0.0016887340464097572
200.60000000000002	0.0016860931900577142
200.70000000000002	0.0016834578889582377
200.8	0.0016808281283924374
200.9	0.0016782038936885158
201.	0.0016755851702215901
201.10000000000002	0.0016729719434135128
201.20000000000002	0.0016703641987327019
201.3	0.0016677619216939664
201.4	0.001665165097858327
201.5	0.0016625737128328493
201.60000000000002	0.0016599877522704676
201.70000000000002	0.001657407201869818
201.8	0.001654832047375063
201.9	0.001652262274575725
202.	0.0016496978693065127
202.10000000000002	0.0016471388174471588
202.20000000000002	0.0016445851049222498
202.3	0.0016420367177010541
202.4	0.001639493641797366
202.5	0.0016369558632693278
202.60000000000002	0.0016344233682192742
202.70000000000002	0.001631896142793566
202.8	0.0016293741731824246
202.9	0.0016268574456197694
203.	0.0016243459463830571
203.10000000000002	0.0016218396617931198
203.20000000000002	0.0016193385782140059
203.3	0.0016168426820528145
203.4	0.0016143519597595437
203.5	0.001611866397826927
203.60000000000002	0.0016093859827902746
203.70000000000002	0.0016069107012273208
203.8	0.0016044405397580618
203.9	0.001601975485044605
204.	0.001599515523791006
204.10000000000002	0.0015970606427431243
204.20000000000002	0.0015946108286884631
204.3	0.0015921660684560133
204.4	0.001589726348916105
204.5	0.0015872916569802575
204.60000000000002	0.0015848619796010196
204.70000000000002	0.0015824373037718296
204.8	0.0015800176165268558
204.9	0.0015776029049408523
205.	0.0015751931561290072
205.10000000000002	0.0015727883572467963
205.20000000000002	0.0015703884954898343
205.3	0.0015679935580937283
205.4	0.0015656035323339322
205.5	0.0015632184055255974
205.60000000000002	0.0015608381650234317
205.70000000000002	0.0015584627982215542
205.8	0.001556092292553348
205.9	0.0015537266354913196
206.	0.001551365814546957
206.10000000000002	0.0015490098172705822
206.20000000000002	0.0015466586312512186
206.3	0.0015443122441164416
206.4	0.0015419706435322415
206.5	0.001539633817202884
206.60000000000002	0.0015373017528707705
206.70000000000002	0.0015349744383163018
206.8	0.0015326518613577333
206.9	0.0015303340098510448
207.	0.0015280208716898001
207.10000000000002	0.0015257124348050115
207.20000000000002	0.0015234086871650037
207.3	0.0015211096167752763
207.4	0.0015188152116783755
207.5	0.0015165254599537527
207.60000000000002	0.0015142403497176344
207.70000000000002	0.0015119598691228915
207.8	0.0015096840063589015
207.9	0.0015074127496514204
208.	0.0015051460872624507
208.10000000000002	0.0015028840074901083
208.20000000000002	0.0015006264986684977
208.3	0.0014983735491675757
208.4	0.0014961251473930273
208.5	0.0014938812817861327
208.60000000000002	0.0014916419408236433
208.70000000000002	0.0014894071130176524
208.8	0.0014871767869154666
208.9	0.0014849509510994814
209.	0.0014827295941870536
209.10000000000002	0.0014805127048303783
209.20000000000002	0.0014783002717163633
209.3	0.001476092283566498
209.4	0.001473888729136741
209.5	0.001471689597217387
209.60000000000002	0.0014694948766329487
209.70000000000002	0.0014673045562420344
209.8	0.0014651186249372223
209.9	0.0014629370716449444
210.	0.0014607598853253593
210.10000000000002	0.0014585870549722372
210.20000000000002	0.0014564185696128394
210.3	0.0014542544183077945
210.4	0.0014520945901509844
210.5	0.0014499390742694215
210.60000000000002	0.001447787859823135
210.70000000000002	0.0014456409360050519
210.8	0.0014434982920408764
210.9	0.001441359917188978
211.	0.0014392258007402744
211.10000000000002	0.001437095932018114
211.20000000000002	0.0014349703003781618
211.3	0.0014328488952082864
211.4	0.0014307317059284437
211.5	0.0014286187219905613
211.60000000000002	0.0014265099328784308
211.70000000000002	0.0014244053281075911
211.8	0.0014223048972252159
211.9	0.0014202086298100037
212.	0.0014181165154720633
212.10000000000002	0.0014160285438528071
212.20000000000002	0.0014139447046248388
212.3	0.0014118649874918384
212.4	0.001409789382188462
212.5	0.0014077178784802243
212.60000000000002	0.0014056504661633942
212.70000000000002	0.0014035871350648853
212.8	0.0014015278750421484
212.9	0.0013994726759830618
213.	0.001397421527805828
213.10000000000002	0.0013953744204588637
213.20000000000002	0.0013933313439206977
213.3	0.0013912922881998595
213.4	0.0013892572433347793
213.5	0.00138722619939368
213.60000000000002	0.001385199146474474
213.70000000000002	0.0013831760747046577
213.8	0.0013811569742412115
213.9	0.0013791418352704912
214.	0.0013771306480081303
214.10000000000002	0.001375123402698933
214.20000000000002	0.001373120089616779
214.3	0.0013711206990645126
214.4	0.00136912522137385
214.5	0.0013671336469052724
214.60000000000002	0.0013651459660479301
214.70000000000002	0.0013631621692195414
214.8	0.0013611822468662911
214.9	0.001359206189462733
215.	0.0013572339875116911
215.10000000000002	0.0013552656315441594
215.20000000000002	0.0013533011121192088
215.3	0.0013513404198238833
215.4	0.0013493835452731075
215.5	0.0013474304791095874
215.60000000000002	0.0013454812120037136
215.70000000000002	0.001343535734653469
215.8	0.001341594037784328
215.9	0.0013396561121491646
216.	0.001337721948528157
216.10000000000002	0.001335791537728691
216.20000000000002	0.0013338648705852718
216.3	0.0013319419379594212
216.4	0.0013300227307395914
216.5	0.0013281072398410683
216.60000000000002	0.0013261954562058817
216.70000000000002	0.0013242873708027131
216.8	0.0013223829746267968
216.9	0.0013204822586998389
217.	0.0013185852140699186
217.10000000000002	0.001316691831811398
217.20000000000002	0.001314802103024838
217.3	0.0013129160188368985
217.4	0.0013110335704002577
217.5	0.0013091547488935167
217.60000000000002	0.0013072795455211113
217.70000000000002	0.001305407951513227
217.8	0.0013035399581257056
217.9	0.001301675556639961
218.	0.0012998147383628902
218.10000000000002	0.0012979574946267844
218.20000000000002	0.0012961038167892459
218.3	0.0012942536962330972
218.4	0.0012924071243662978
218.5	0.0012905640926218567
218.60000000000002	0.0012887245924577456
218.70000000000002	0.0012868886153568195
218.8	0.0012850561528267228
218.9	0.0012832271963998114
219.	0.001281401737633067
219.10000000000002	0.0012795797681080104
219.20000000000002	0.0012777612794306228
219.3	0.0012759462632312573
219.4	0.0012741347111645597
219.5	0.001272326614909383
219.60000000000002	0.0012705219661687088
219.70000000000002	0.001268720756669561
219.8	0.0012669229781629276
219.9	0.001265128622423677
220.	0.0012633376812504781
220.10000000000002	0.0012615501464657188
220.20000000000002	0.0012597660099154275
220.3	0.0012579852634691906
220.4	0.0012562078990200733
220.5	0.0012544339084845416
220.60000000000002	0.0012526632838023811
220.70000000000002	0.0012508960169366205
220.8	0.0012491320998734496
220.9	0.0012473715246221443
221.	0.0012456142832149876
221.10000000000002	0.0012438603677071898
221.20000000000002	0.0012421097701768172
221.3	0.0012403624827247073
221.4	0.001238618497474396
221.5	0.001236877806572042
221.60000000000002	0.0012351404021863487
221.70000000000002	0.001233406276508491
221.8	0.0012316754217520348
221.9	0.0012299478301528674
222.	0.0012282234939691176
222.10000000000002	0.0012265024054810847
222.20000000000002	0.0012247845569911624
222.3	0.001223069940823766
222.4	0.0012213585493252546
222.5	0.001219650374863863
222.60000000000002	0.0012179454098296242
222.70000000000002	0.0012162436466342994
222.8	0.0012145450777113023
222.9	0.0012128496955156303
223.	0.0012111574925237891
223.10000000000002	0.0012094684612337216
223.20000000000002	0.0012077825941647375
223.3	0.0012060998838574412
223.4	0.0012044203228736606
223.5	0.0012027439037963759
223.60000000000002	0.0012010706192296496
223.70000000000002	0.0011994004617985588
223.8	0.0011977334241491191
223.9	0.0011960694989482203
224.	0.0011944086788835552
224.10000000000002	0.0011927509566635496
224.20000000000002	0.0011910963250172958
224.3	0.0011894447766944802
224.4	0.0011877963044653194
224.5	0.0011861509011204866
224.60000000000002	0.0011845085594710493
224.70000000000002	0.0011828692723483984
224.8	0.0011812330326041827
224.9	0.0011795998331102383
225.	0.0011779696667585263
225.10000000000002	0.0011763425264610633
225.20000000000002	0.0011747184051498559
225.3	0.0011730972957768356
225.4	0.001171479191313791
225.5	0.0011698640847523022
225.60000000000002	0.0011682519691036783
225.70000000000002	0.0011666428373988892
225.8	0.0011650366826885033
225.9	0.0011634334980426203
226.	0.0011618332765508093
226.10000000000002	0.0011602360113220408
226.20000000000002	0.0011586416954846304
226.3	0.0011570503221861655
226.4	0.0011554618845934497
226.5	0.0011538763758924353
226.60000000000002	0.001152293789288163
226.70000000000002	0.001150714118004697
226.8	0.0011491373552850641
226.9	0.001147563494391191
227.	0.0011459925286038417
227.10000000000002	0.001144424451222557
227.20000000000002	0.001142859255565592
227.3	0.0011412969349698556
227.4	0.0011397374827908499
227.5	0.0011381808924026055
227.60000000000002	0.0011366271571976276
227.70000000000002	0.0011350762705868295
227.8	0.0011335282259994767
227.9	0.0011319830168831238
228.	0.0011304406367035578
228.10000000000002	0.0011289010789447354
228.20000000000002	0.0011273643371087268
228.3	0.0011258304047156548
228.4	0.0011242992753036371
228.5	0.0011227709424287279
228.60000000000002	0.001121245399664855
228.70000000000002	0.0011197226406037717
228.8	0.0011182026588549884
228.9	0.001116685448045719
229.	0.0011151710018208263
229.10000000000002	0.0011136593138427596
229.20000000000002	0.001112150377791502
229.3	0.0011106441873645104
229.4	0.0011091407362766605
229.5	0.0011076400182601894
229.60000000000002	0.001106142027064641
229.70000000000002	0.001104646756456808
229.8	0.0011031542002206786
229.9	0.0011016643521573762
230.	0.0011001772060851107
230.10000000000002	0.0010986927558391175
230.20000000000002	0.0010972109952716057
230.3	0.0010957319182517019
230.4	0.0010942555186653977
230.5	0.001092781790415491
230.60000000000002	0.0010913107274215367
230.70000000000002	0.001089842323619791
230.8	0.0010883765729631553
230.9	0.0010869134694211269
231.	0.001085453006979742
231.10000000000002	0.0010839951796415219
231.20000000000002	0.001082539981425427
231.3	0.001081087406366795
231.4	0.0010796374485172934
231.5	0.0010781901019448657
231.60000000000002	0.00107674536073368
231.70000000000002	0.0010753032189840773
231.8	0.0010738636708125166
231.9	0.0010724267103515283
232.	0.0010709923317496573
232.10000000000002	0.0010695605291714157
232.20000000000002	0.0010681312967972321
232.3	0.0010667046288233971
232.4	0.0010652805194620142
232.5	0.0010638589629409518
232.60000000000002	0.0010624399535037888
232.70000000000002	0.0010610234854097679
232.8	0.0010596095529337435
232.9	0.0010581981503661334
233.	0.0010567892720128671
233.10000000000002	0.0010553829121953393
233.20000000000002	0.001053979065250358
233.3	0.0010525777255300979
233.4	0.0010511788874020486
233.5	0.0010497825452489696
233.60000000000002	0.0010483886934688367
233.70000000000002	0.0010469973264748004
233.8	0.0010456084386951316
233.9	0.0010442220245731766
234.	0.0010428380785673086
234.10000000000002	0.0010414565951508807
234.20000000000002	0.0010400775688121791
234.3	0.0010387009940543716
234.4	0.001037326865395467
234.5	0.001035955177368262
234.60000000000002	0.0010345859245202986
234.70000000000002	0.001033219101413816
234.8	0.0010318547026257046
234.9	0.0010304927227474583
235.	0.0010291331563851297
235.10000000000002	0.001027775998159284
235.20000000000002	0.0010264212427049542
235.3	0.001025068884671593
235.4	0.0010237189187230302
235.5	0.0010223713395374247
235.60000000000002	0.0010210261418072209
235.70000000000002	0.001019683320239105
235.8	0.0010183428695539577
235.9	0.001017004784486811
236.	0.0010156690597868038
236.10000000000002	0.001014335690217135
236.20000000000002	0.0010130046705550263
236.3	0.0010116759955916684
236.4	0.0010103496601321855
236.5	0.0010090256589955875
236.60000000000002	0.0010077039870147269
236.70000000000002	0.0010063846390362579
236.8	0.001005067609920589
236.9	0.001003752894541843
237.	0.0010024404877878135
237.10000000000002	0.0010011303845599223
237.20000000000002	0.0009998225797731768
237.3	0.000998517068356126
237.4	0.0009972138452508214
237.5	0.0009959129054127709
237.60000000000002	0.0009946142438109005
237.70000000000002	0.000993317855427511
237.8	0.0009920237352582352
237.9	0.000990731878311998
238.	0.0009894422796109744
238.10000000000002	0.0009881549341905487
238.20000000000002	0.0009868698370992725
238.3	0.0009855869833988243
238.4	0.0009843063681639697
238.5	0.0009830279864825183
238.60000000000002	0.0009817518334552856
238.70000000000002	0.000980477904196051
238.8	0.0009792061938315212
238.9	0.0009779366975012822
239.	0.0009766694103577687
239.10000000000002	0.0009754043275662176
239.20000000000002	0.0009741414443046327
239.3	0.0009728807557637416
239.4	0.0009716222571469593
239.5	0.0009703659436703474
239.60000000000002	0.0009691118105625741
239.70000000000002	0.0009678598530648788
239.8	0.0009666100664310296
239.9	0.0009653624459272855
240.	0.0009641169868323595
240.10000000000002	0.0009628736844373789
240.20000000000002	0.0009616325340458472
240.3	0.0009603935309736054
240.4	0.0009591566705487955
240.5	0.0009579219481118212
240.60000000000002	0.0009566893590153109
240.70000000000002	0.0009554588986240805
240.8	0.0009542305623150949
240.9	0.0009530043454774314
241.	0.0009517802435122416
241.10000000000002	0.0009505582518327155
241.20000000000002	0.0009493383658640455
241.3	0.0009481205810433865
241.4	0.0009469048928198206
241.5	0.0009456912966543222
241.60000000000002	0.00094447978801972
241.70000000000002	0.0009432703624006612
241.8	0.0009420630152935744
241.9	0.0009408577422066344
242.	0.0009396545386597268
242.10000000000002	0.0009384534001844106
242.20000000000002	0.0009372543223238857
242.3	0.0009360573006329533
242.4	0.0009348623306779833
242.5	0.0009336694080368771
242.60000000000002	0.000932478528299035
242.70000000000002	0.000931289687065319
242.8	0.0009301028799480183
242.9	0.0009289181025708155
243.	0.0009277353505687499
243.10000000000002	0.0009265546195881862
243.20000000000002	0.0009253759052867763
243.3	0.000924199203333428
243.4	0.0009230245094082693
243.5	0.0009218518192026149
243.60000000000002	0.0009206811284189307
243.70000000000002	0.0009195124327708037
243.8	0.0009183457279829043
243.9	0.0009171810097909537
244.	0.0009160182739416929
244.10000000000002	0.0009148575161928455
244.20000000000002	0.0009136987323130883
244.3	0.0009125419180820155
244.4	0.0009113870692901051
244.5	0.000910234181738689
244.60000000000002	0.0009090832512399184
244.70000000000002	0.0009079342736167314
244.8	0.0009067872447028188
244.9	0.0009056421603425961
245.	0.0009044990163911646
245.10000000000002	0.0009033578087142853
245.20000000000002	0.0009022185331883444
245.3	0.0009010811857003203
245.4	0.000899945762147753
245.5	0.0008988122584387115
245.60000000000002	0.0008976806704917625
245.70000000000002	0.0008965509942359404
245.8	0.0008954232256107125
245.9	0.0008942973605659511
246.	0.0008931733950618991
246.10000000000002	0.0008920513250691412
246.20000000000002	0.0008909311465685732
246.3	0.0008898128555513681
246.4	0.0008886964480189483
246.5	0.0008875819199829538
246.60000000000002	0.0008864692674652108
246.70000000000002	0.0008853584864977035
246.8	0.0008842495731225407
246.9	0.0008831425233919284
247.	0.0008820373333681366
247.10000000000002	0.0008809339991234722
247.20000000000002	0.0008798325167402483
247.3	0.0008787328823107518
247.4	0.0008776350919372169
247.5	0.0008765391417317937
247.60000000000002	0.0008754450278165196
247.70000000000002	0.0008743527463232888
247.8	0.0008732622933938232
247.9	0.000872173665179644
248.	0.0008710868578420412
248.10000000000002	0.0008700018675520456
248.20000000000002	0.0008689186904904
248.3	0.0008678373228475293
248.4	0.0008667577608235116
248.5	0.0008656800006280516
248.60000000000002	0.0008646040384804491
248.70000000000002	0.0008635298706095736
248.8	0.0008624574932538331
248.9	0.0008613869026611477
249.	0.0008603180950889204
249.10000000000002	0.0008592510668040095
249.20000000000002	0.000858185814082701
249.3	0.0008571223332106802
249.4	0.0008560606204830028
249.5	0.0008550006722040698
249.60000000000002	0.000853942484687597
249.70000000000002	0.0008528860542565899
249.8	0.0008518313772433153
249.9	0.0008507784499892733
250.	0.0008497272688451709
250.10000000000002	0.0008486778301708942
250.20000000000002	0.0008476301303354829
250.3	0.0008465841657171016
250.4	0.0008455399327030124
250.5	0.000844497427689551
250.60000000000002	0.0008434566470820975
250.70000000000002	0.0008424175872950505
250.8	0.0008413802447518008
250.9	0.0008403446158847044
251.	0.0008393106971350569
251.10000000000002	0.0008382784849530667
251.20000000000002	0.0008372479757978297
251.3	0.0008362191661373022
251.4	0.0008351920524482742
251.5	0.0008341666312163468
251.60000000000002	0.0008331428989359023
251.70000000000002	0.0008321208521100819
251.8	0.0008311004872507573
251.9	0.0008300818008785066
252.	0.0008290647895225895
252.10000000000002	0.00082804944972092
252.20000000000002	0.000827035778020043
252.3	0.0008260237709751076
252.4	0.0008250134251498435
252.5	0.0008240047371165339
252.60000000000002	0.0008229977034559922
252.70000000000002	0.0008219923207575381
252.8	0.0008209885856189688
252.9	0.0008199864946465386
253.	0.0008189860444549323
253.10000000000002	0.0008179872316672408
253.20000000000002	0.0008169900529149366
253.3	0.0008159945048378496
253.4	0.0008150005840841433
253.5	0.0008140082873102892
253.60000000000002	0.0008130176111810437
253.70000000000002	0.0008120285523694248
253.8	0.0008110411075566864
253.9	0.0008100552734322943
254.	0.0008090710466939061
254.10000000000002	0.0008080884240473405
254.20000000000002	0.000807107402206563
254.3	0.0008061279778936522
254.4	0.0008051501478387844
254.5	0.0008041739087802052
254.60000000000002	0.0008031992574642088
254.70000000000002	0.0008022261906451142
254.8	0.0008012547050852408
254.9	0.0008002847975548872
255.	0.0007993164648323064
255.10000000000002	0.0007983497037036828
255.20000000000002	0.0007973845109631126
255.3	0.0007964208834125763
255.4	0.0007954588178619192
255.5	0.0007944983111288267
255.60000000000002	0.000793539360038804
255.70000000000002	0.0007925819614251517
255.8	0.000791626112128944
255.9	0.0007906718089990065
256.	0.0007897190488918935
256.1	0.0007887678286718655
256.20000000000005	0.0007878181452108691
256.3	0.0007868699953885127
256.4	0.0007859233760920447
256.5	0.0007849782842163321
256.6	0.0007840347166638398
256.70000000000005	0.0007830926703446062
256.8	0.0007821521421762256
256.9	0.0007812131290838204
257.	0.0007802756280000245
257.1	0.0007793396358649615
257.20000000000005	0.0007784051496262212
257.3	0.0007774721662388405
257.4	0.0007765406826652784
257.5	0.0007756106958753986
257.6	0.0007746822028464475
257.70000000000005	0.0007737552005630312
257.8	0.0007728296860170985
257.9	0.0007719056562079149
258.	0.0007709831081420435
258.1	0.0007700620388333282
258.20000000000005	0.0007691424453028677
258.3	0.0007682243245789968
258.4	0.0007673076736972659
258.5	0.00076639248970042
258.6	0.0007654787696383801
258.70000000000005	0.0007645665105682199
258.8	0.000763655709554148
258.9	0.0007627463636674856
259.	0.0007618384699866478
259.1	0.0007609320255971224
259.20000000000005	0.0007600270275914509
259.3	0.0007591234730692091
259.4	0.0007582213591369837
259.5	0.000757320682908355
259.6	0.0007564214415038787
259.70000000000005	0.0007555236320510635
259.8	0.0007546272516843523
259.9	0.0007537322975451017
260.	0.0007528387667815641
260.1	0.0007519466565488671
260.20000000000005	0.0007510559640089943
260.3	0.000750166686330767
260.4	0.0007492788206898232
260.5	0.0007483923642685977
260.6	0.0007475073142563066
260.70000000000005	0.0007466236678489257
260.8	0.0007457414222491698
260.9	0.0007448605746664772
261.	0.0007439811223169885
261.1	0.0007431030624235283
261.20000000000005	0.0007422263922155876
261.3	0.0007413511089293028
261.4	0.0007404772098074385
261.5	0.0007396046920993678
261.6	0.0007387335530610559
261.70000000000005	0.0007378637899550394
261.8	0.0007369954000504094
261.9	0.0007361283806227906
262.	0.0007352627289543261
262.1	0.000734398442333657
262.20000000000005	0.0007335355180559067
262.3	0.0007326739534226595
262.4	0.000731813745741944
262.5	0.0007309548923282148
262.6	0.0007300973905023361
262.70000000000005	0.0007292412375915614
262.8	0.0007283864309295178
262.9	0.0007275329678561863
263.	0.0007266808457178846
263.1	0.0007258300618672505
263.2	0.0007249806136632239
263.3	0.0007241324984710271
263.40000000000003	0.0007232857136621503
263.5	0.0007224402566143335
263.6	0.0007215961247115464
263.7	0.000720753315343975
263.8	0.0007199118259080008
263.90000000000003	0.0007190716538061858
264.	0.0007182327964472563
264.1	0.0007173952512460807
264.2	0.0007165590156236592
264.3	0.000715724087007101
264.40000000000003	0.0007148904628296117
264.5	0.0007140581405304728
264.6	0.0007132271175550266
264.7	0.000712397391354662
264.8	0.0007115689593867904
264.90000000000003	0.000710741819114838
265.	0.0007099159680082227
265.1	0.0007090914035423393
265.2	0.0007082681231985441
265.3	0.0007074461244641372
265.40000000000003	0.0007066254048323466
265.5	0.0007058059618023125
265.6	0.0007049877928790676
265.7	0.0007041708955735267
265.8	0.0007033552674024643
265.90000000000003	0.000702540905888503
266.	0.0007017278085600943
266.1	0.000700915972951505
266.2	0.0007001053966028001
266.3	0.0006992960770598245
266.40000000000003	0.0006984880118741926
266.5	0.0006976811986032679
266.6	0.0006968756348101468
266.7	0.0006960713180636467
266.8	0.0006952682459382866
266.90000000000003	0.0006944664160142735
267.	0.0006936658258774866
267.1	0.0006928664731194603
267.2	0.0006920683553373704
267.3	0.0006912714701340165
267.40000000000003	0.0006904758151178101
267.5	0.0006896813879027565
267.6	0.0006888881861084379
267.7	0.0006880962073600029
267.8	0.0006873054492881469
267.90000000000003	0.0006865159095290999
268.	0.0006857275857246096
268.1	0.0006849404755219259
268.2	0.0006841545765737891
268.3	0.0006833698865384092
268.40000000000003	0.0006825864030794569
268.5	0.0006818041238660456
268.6	0.0006810230465727167
268.7	0.0006802431688794255
268.8	0.000679464488471525
268.90000000000003	0.0006786870030397539
269.	0.0006779107102802195
269.1	0.0006771356078943832
269.2	0.0006763616935890483
269.3	0.0006755889650763418
269.40000000000003	0.000674817420073703
269.5	0.0006740470563038684
269.6	0.000673277871494855
269.7	0.0006725098633799506
269.8	0.0006717430296976927
269.90000000000003	0.0006709773681918621
270.	0.0006702128766114633
270.1	0.0006694495527107104
270.2	0.0006686873942490167
270.3	0.0006679263989909767
270.40000000000003	0.0006671665647063543
270.5	0.0006664078891700686
270.6	0.0006656503701621775
270.7	0.0006648940054678689
270.8	0.0006641387928774406
270.90000000000003	0.0006633847301862917
271.	0.0006626318151949054
271.1	0.0006618800457088376
271.2	0.0006611294195387016
271.3	0.0006603799345001543
271.40000000000003	0.0006596315884138847
271.5	0.0006588843791055985
271.6	0.000658138304406004
271.7	0.000657393362150801
271.8	0.0006566495501806647
271.90000000000003	0.0006559068663412343
272.	0.000655165308483099
272.1	0.0006544248744617832
272.2	0.000653685562137737
272.3	0.0006529473693763177
272.40000000000003	0.0006522102940477817
272.5	0.0006514743340272687
272.6	0.0006507394871947878
272.7	0.0006500057514352064
272.8	0.0006492731246382363
272.90000000000003	0.0006485416046984203
273.	0.0006478111895151212
273.1	0.0006470818769925045
273.2	0.0006463536650395321
273.3	0.0006456265515699423
273.40000000000003	0.0006449005345022426
273.5	0.0006441756117596943
273.6	0.0006434517812702997
273.7	0.0006427290409667908
273.8	0.0006420073887866151
273.90000000000003	0.0006412868226719245
274.	0.0006405673405695621
274.1	0.0006398489404310479
274.2	0.0006391316202125704
274.3	0.0006384153778749696
274.40000000000003	0.0006377002113837282
274.5	0.0006369861187089567
274.6	0.0006362730978253829
274.7	0.000635561146712339
274.8	0.0006348502633537473
274.90000000000003	0.000634140445738112
275.	0.0006334316918585042
275.1	0.0006327239997125494
275.2	0.0006320173673024181
275.3	0.00063131179263481
275.40000000000003	0.0006306072737209456
275.5	0.0006299038085765525
275.6	0.0006292013952218517
275.7	0.0006285000316815499
275.8	0.0006277997159848233
275.90000000000003	0.0006271004461653087
276.	0.0006264022202610904
276.1	0.0006257050363146885
276.2	0.0006250088923730467
276.3	0.0006243137864875218
276.40000000000003	0.0006236197167138719
276.5	0.0006229266811122435
276.6	0.0006222346777471602
276.7	0.000621543704687513
276.8	0.0006208537600065457
276.90000000000003	0.0006201648417818464
277.	0.0006194769480953338
277.1	0.0006187900770332462
277.2	0.0006181042266861332
277.3	0.0006174193951488377
277.40000000000003	0.0006167355805204913
277.5	0.0006160527809045002
277.6	0.0006153709944085326
277.7	0.0006146902191445095
277.8	0.000614010453228593
277.90000000000003	0.0006133316947811752
278.	0.0006126539419268672
278.1	0.0006119771927944862
278.2	0.0006113014455170479
278.3	0.0006106266982317518
278.40000000000003	0.0006099529490799726
278.5	0.0006092801962072494
278.6	0.000608608437763273
278.7	0.0006079376719018761
278.8	0.0006072678967810223
278.90000000000003	0.000606599110562795
279.	0.0006059313114133885
279.1	0.0006052644975030933
279.2	0.0006045986670062894
279.3	0.0006039338181014328
279.40000000000003	0.0006032699489710466
279.5	0.0006026070578017099
279.6	0.000601945142784046
279.7	0.0006012842021127137
279.8	0.000600624233986396
279.90000000000003	0.0005999652366077884
280.	0.0005993072081835911
280.1	0.0005986501469244954
280.2	0.0005979940510451762
280.3	0.000597338918764279
280.40000000000003	0.0005966847483044118
280.5	0.0005960315378921341
280.6	0.0005953792857579445
280.7	0.0005947279901362748
280.8	0.0005940776492654751
280.90000000000003	0.0005934282613878063
281.	0.0005927798247494308
281.1	0.000592132337600399
281.2	0.0005914857981946423
281.3	0.0005908402047899608
281.40000000000003	0.0005901955556480159
281.5	0.000589551849034318
281.6	0.0005889090832182163
281.7	0.000588267256472891
281.8	0.0005876263670753411
281.90000000000003	0.0005869864133063767
282.	0.0005863473934506078
282.1	0.000585709305796433
282.2	0.000585072148636034
282.3	0.0005844359202653602
282.40000000000003	0.0005838006189841244
282.5	0.0005831662430957897
282.6	0.00058253279090756
282.7	0.0005819002607303722
282.8	0.0005812686508788838
282.90000000000003	0.000580637959671467
283.	0.0005800081854301959
283.1	0.0005793793264808367
283.2	0.0005787513811528425
283.3	0.0005781243477793382
283.40000000000003	0.0005774982246971147
283.5	0.0005768730102466191
283.6	0.0005762487027719431
283.7	0.0005756253006208168
283.8	0.0005750028021445961
283.90000000000003	0.0005743812056982561
284.	0.0005737605096403806
284.1	0.0005731407123331524
284.2	0.0005725218121423445
284.3	0.0005719038074373114
284.40000000000003	0.0005712866965909793
284.5	0.0005706704779798369
284.6	0.0005700551499839262
284.7	0.0005694407109868348
284.8	0.000568827159375684
284.90000000000003	0.0005682144935411228
285.	0.0005676027118773169
285.1	0.0005669918127819396
285.2	0.0005663817946561649
285.3	0.0005657726559046559
285.40000000000003	0.0005651643949355578
285.5	0.0005645570101604883
285.6	0.000563950499994528
285.7	0.0005633448628562137
285.8	0.0005627400971675265
285.90000000000003	0.0005621362013538855
286.	0.0005615331738441396
286.1	0.0005609310130705545
286.2	0.0005603297174688093
286.3	0.000559729285477984
286.40000000000003	0.0005591297155405528
286.5	0.0005585310061023748
286.6	0.0005579331556126853
286.7	0.0005573361625240874
286.8	0.0005567400252925438
286.90000000000003	0.0005561447423773669
287.	0.0005555503122412123
287.1	0.0005549567333500684
287.2	0.00055436400417325
287.3	0.0005537721231833864
287.40000000000003	0.0005531810888564176
287.5	0.0005525908996715827
287.6	0.0005520015541114116
287.7	0.0005514130506617183
287.8	0.0005508253878115913
287.90000000000003	0.0005502385640533862
288.	0.0005496525778827169
288.1	0.0005490674277984458
288.2	0.00054848311230268
288.3	0.000547899629900758
288.40000000000003	0.0005473169791012437
288.5	0.0005467351584159208
288.6	0.0005461541663597796
288.7	0.0005455740014510127
288.8	0.0005449946622110054
288.90000000000003	0.000544416147164328
289.	0.0005438384548387286
289.1	0.0005432615837651225
289.2	0.0005426855324775877
289.3	0.0005421102995133538
289.40000000000003	0.0005415358834127961
289.5	0.0005409622827194277
289.6	0.000540389495979889
289.7	0.0005398175217439441
289.8	0.0005392463585644684
289.90000000000003	0.0005386760049974443
290.	0.0005381064596019524
290.1	0.0005375377209401616
290.2	0.0005369697875773252
290.3	0.0005364026580817694
290.40000000000003	0.0005358363310248884
290.5	0.0005352708049811357
290.6	0.0005347060785280144
290.7	0.0005341421502460745
290.8	0.0005335790187188995
290.90000000000003	0.0005330166825331025
291.	0.0005324551402783186
291.1	0.0005318943905471948
291.2	0.0005313344319353853
291.3	0.0005307752630415414
291.40000000000003	0.0005302168824673066
291.5	0.0005296592888173073
291.6	0.0005291024806991461
291.7	0.0005285464567233941
291.8	0.0005279912155035829
291.90000000000003	0.0005274367556561987
292.	0.000526883075800674
292.1	0.0005263301745593801
292.2	0.0005257780505576199
292.3	0.0005252267024236208
292.40000000000003	0.0005246761287885277
292.5	0.0005241263282863953
292.6	0.0005235772995541801
292.7	0.0005230290412317351
292.8	0.0005224815519618004
292.90000000000003	0.000521934830389998
293.	0.000521388875164824
293.1	0.0005208436849376398
293.2	0.0005202992583626683
293.3	0.0005197555940969828
293.40000000000003	0.0005192126908005033
293.5	0.0005186705471359886
293.6	0.0005181291617690272
293.7	0.0005175885333680338
293.8	0.0005170486606042387
293.90000000000003	0.0005165095421516833
294.	0.000515971176687213
294.1	0.0005154335628904678
294.2	0.0005148966994438795
294.3	0.0005143605850326602
294.40000000000003	0.0005138252183447991
294.5	0.0005132905980710548
294.6	0.0005127567229049458
294.7	0.0005122235915427482
294.8	0.0005116912026834846
294.90000000000003	0.00051115955502892
295.	0.0005106286472835545
295.1	0.0005100984781546157
295.2	0.000509569046352053
295.3	0.00050904035058853
295.40000000000003	0.0005085123895794184
295.5	0.0005079851620427919
295.6	0.0005074586666994178
295.7	0.0005069329022727527
295.8	0.0005064078674889323
295.90000000000003	0.0005058835610767697
296.	0.0005053599817677446
296.1	0.0005048371282959993
296.2	0.0005043149993983304
296.3	0.0005037935938141835
296.40000000000003	0.0005032729102856465
296.5	0.0005027529475574427
296.6	0.0005022337043769245
296.7	0.0005017151794940672
296.8	0.0005011973716614621
296.90000000000003	0.0005006802796343105
297.	0.0005001639021704176
297.1	0.0004996482380301845
297.2	0.000499133285976605
297.3	0.0004986190447752549
297.40000000000003	0.0004981055131942897
297.5	0.0004975926900044369
297.6	0.0004970805739789881
297.7	0.0004965691638937955
297.8	0.0004960584585272627
297.90000000000003	0.0004955484566603419
298.	0.0004950391570765247
298.1	0.0004945305585618367
298.2	0.0004940226599048328
298.3	0.0004935154598965887
298.40000000000003	0.0004930089573306965
298.5	0.0004925031510032582
298.6	0.0004919980397128789
298.7	0.0004914936222606616
298.8	0.0004909898974501999
298.90000000000003	0.0004904868640875734
299.	0.0004899845209813417
299.1	0.000489482866942536
299.2	0.0004889819007846562
299.3	0.0004884816213236624
299.40000000000003	0.0004879820273779708
299.5	0.00048748311776844683
299.6	0.00048698489131839836
299.7	0.0004864873468535723
299.8	0.0004859904832021454
299.90000000000003	0.0004854942991947213
300.	0.0004849987936643231