7.	0.03577198218791781
7.1	0.03703693474524759
7.2	0.03852096923331301
7.3	0.04029386822629481
7.4	0.04244818445151436
7.5	0.045105763836949656
7.6	0.04842499698706709
7.7	0.052607689217840016
7.8	0.05790318515936579
7.9	0.06460549078991461
8.	0.0730367201944996
8.1	0.08350777773996108
8.2	0.09624565108202618
8.3	0.11127694492131356
8.4	0.12826103359903698
8.5	0.14628183117213392
8.6	0.16366087023335738
8.7	0.17797721200364364
8.8	0.18659847163554352
8.9	0.18782097731814015
9.	0.18197647044188997
9.1	0.17142138461350084
9.2	0.15928320442310967
9.3	0.14810554881626514
9.4	0.1393114692460579
9.5	0.13338359891136636
9.6	0.13025999272863353
9.7	0.12964417965763592
9.8	0.13117126421635625
9.9	0.13447022057981983
10.	0.13917110923304957
10.1	0.14489061876670373
10.2	0.15121610257578436
10.3	0.1577010790826783
10.4	0.16388116827562632
10.5	0.1693146937570784
10.6	0.17364376521643193
10.7	0.17666009250282316
10.8	0.17835092119422546
10.9	0.17890283915167277
11.	0.17865764550522384
11.100000000000001	0.17803615152964514
11.2	0.1774580705672733
11.3	0.1772820988589861
11.4	0.17777589577424785
11.5	0.17911205949939307
11.600000000000001	0.18137976839699363
11.7	0.18460206282753377
11.8	0.18875221089013144
11.9	0.19376623734948178
12.	0.19955121326513087
12.100000000000001	0.20599023724119347
12.2	0.21294557199145012
12.3	0.22026150759777158
12.4	0.22776841603829553
12.5	0.23528918775525623
12.600000000000001	0.24264874793223362
12.7	0.24968657714354053
12.8	0.25627114386189553
12.9	0.262314108084958
13.	0.2677814584264979
13.100000000000001	0.2726988043103391
13.2	0.2771490434574425
13.3	0.2812623365332623
13.4	0.2852001498474322
13.5	0.2891363938577699
13.600000000000001	0.2932389735712979
13.7	0.29765439331412447
13.8	0.30249678768309085
13.9	0.3078413847388523
14.	0.3137214184450041
14.100000000000001	0.3201272521365559
14.2	0.32700709483539664
14.3	0.33426993029952967
14.4	0.34179236225515447
14.5	0.349430981157886
14.600000000000001	0.3570400370496446
14.7	0.3644913431015585
14.8	0.3716912297212436
14.9	0.3785896757053142
15.	0.38517954940414284
15.1	0.3914875466657146
15.200000000000001	0.3975608554537941
15.3	0.4034538624725258
15.4	0.4092178507341166
15.5	0.41489478602574426
15.6	0.4205148645528395
15.700000000000001	0.4260967978068227
15.8	0.4316497068607714
15.9	0.4371757088626777
16.	0.4426725767221043
16.1	0.4481361165431289
16.200000000000003	0.45356209626539223
16.3	0.4589476770001298
16.4	0.4642923644932852
16.5	0.4695985310587636
16.6	0.4748715723227144
16.700000000000003	0.480119767035892
16.8	0.48535390691154956
16.9	0.49058675934348145
17.	0.4958324200773929
17.1	0.5011056060213547
17.200000000000003	0.5064209307965702
17.3	0.5117921977488891
17.4	0.5172317373809701
17.5	0.5227498089215253
17.6	0.5283540793500748
17.700000000000003	0.534049187866122
17.8	0.5398363996319524
17.9	0.5457133496120281
18.	0.5516738753643016
18.1	0.5577079365236606
18.200000000000003	0.563801618227528
18.3	0.5699372156268777
18.4	0.576093396670463
18.5	0.5822454403410594
18.6	0.5883655472957123
18.700000000000003	0.594423219302171
18.8	0.600385702910112
18.9	0.6062184914439861
19.	0.6118858777051989
19.1	0.6173515478267021
19.200000000000003	0.6225792046779871
19.3	0.6275332072495575
19.4	0.6321792107465696
19.5	0.6364847908835343
19.6	0.6404200352672974
19.700000000000003	0.6439580849160106
19.8	0.6470756099636027
19.9	0.6497532054511107
20.	0.6519756957445229
20.1	0.6537323394105488
20.200000000000003	0.6550169301352136
20.3	0.6558277932524199
20.4	0.6561676814086164
20.5	0.6560435765782978
20.6	0.655466408844033
20.700000000000003	0.6544507048914463
20.8	0.6530141809310924
20.9	0.6511772956976769
21.	0.6489627793083198
21.1	0.6463951531571079
21.200000000000003	0.6435002547977181
21.3	0.6403047800623556
21.4	0.6368358526391055
21.5	0.6331206291349278
21.6	0.6291859454284006
21.700000000000003	0.6250580079838219
21.8	0.6207621318487381
21.9	0.6163225253546523
22.	0.6117621201229714
22.1	0.6071024438586502
22.200000000000003	0.6023635325864583
22.3	0.5975638784285365
22.4	0.5927204087060934
22.5	0.5878484920362468
22.6	0.5829619671485246
22.700000000000003	0.5780731903265914
22.8	0.5731930976542324
22.9	0.5683312785794968
23.	0.5634960576807984
23.1	0.5586945819022932
23.2	0.5539329109062611
23.3	0.5492161085551245
23.400000000000002	0.544548333876534
23.5	0.5399329301761592
23.6	0.5353725112415842
23.7	0.5308690438261079
23.8	0.5264239258138677
23.900000000000002	0.522038059649199
24.	0.5177119207658147
24.1	0.5134456208779428
24.2	0.5092389660989213
24.3	0.5050915099357535
24.400000000000002	0.5010026012736258
24.5	0.49697142751492424
24.6	0.49299705307525016
24.7	0.4890784534664465
24.8	0.48521454521549284
24.900000000000002	0.481404211880007
25.	0.4776463264272352
25.1	0.47393977024506834
25.2	0.47028344905167313
25.3	0.46667630596556153
25.400000000000002	0.46311733199100685
25.5	0.4596055741651117
25.6	0.4561401416029971
25.7	0.45272020966682175
25.8	0.449345022472913
25.900000000000002	0.4460138939394308
26.	0.44272620756483566
26.1	0.4394814151151371
26.200000000000003	0.43627903438559
26.3	0.4331186461902466
26.400000000000002	0.42999989072066575
26.5	0.42692246340319223
26.6	0.42388611037260615
26.700000000000003	0.42089062366865826
26.8	0.41793583625111336
26.900000000000002	0.4150216169184392
27.	0.4121478652052848
27.1	0.40931450632435196
27.200000000000003	0.4065214862092932
27.3	0.4037687667068062
27.400000000000002	0.4010563209582188
27.5	0.39838412900354
27.6	0.3957521736342167
27.700000000000003	0.39316043651468324
27.8	0.3906088945871939
27.900000000000002	0.3880975167694148
28.	0.3856262609497639
28.1	0.38319507128153774
28.200000000000003	0.3808038757734238
28.3	0.3784525841710153
28.400000000000002	0.37614108612144315
28.5	0.37386924961113915
28.6	0.37163691966503365
28.700000000000003	0.3694439172941587
28.8	0.36729003867759635
28.900000000000002	0.365175054563993
29.	0.3630987098774001
29.1	0.3610607235119713
29.200000000000003	0.35906078830002114
29.3	0.35709857113810556
29.400000000000002	0.35517371325608177
29.5	0.35328583061453517
29.6	0.35143451441648677
29.700000000000003	0.3496193317199103
29.8	0.34783982613826125
29.900000000000002	0.34609551861694166
30.	0.3443859082743772
30.1	0.34271047329716003
30.200000000000003	0.34106867187948026
30.3	0.3394599431978543
30.400000000000002	0.3378837084129141
30.5	0.3363393716907763
30.6	0.3348263212372185
30.700000000000003	0.33334393033859916
30.8	0.3318915584041025
30.900000000000002	0.3304685520045223
31.	0.3290742459033892
31.1	0.3277079640767855
31.200000000000003	0.32636902071871643
31.3	0.3250567212293659
31.400000000000002	0.3237703631840089
31.5	0.32250923728074493
31.6	0.3212726282655765
31.700000000000003	0.3200598158336857
31.8	0.3188700755060516
31.900000000000002	0.3177026794808071
32.	0.31655689745897486
32.1	0.3154319974444087
32.2	0.31432724651795524
32.3	0.3132419115859934
32.400000000000006	0.31217526010363766
32.5	0.3111265607730026
32.6	0.3100950842170054
32.7	0.309080103629265
32.8	0.3080808954006956
32.900000000000006	0.3070967397234471
33.	0.30612692117286
33.1	0.30517072926812583
33.2	0.3042274590123449
33.3	0.30329641141267055
33.400000000000006	0.30237689398122025
33.5	0.30146822121741096
33.6	0.3005697150723558
33.7	0.29968070539593206
33.8	0.2988005303670918
33.900000000000006	0.29792853690795607
34.	0.2970640810821965
34.1	0.2962065284781606
34.2	0.2953552545771661
34.3	0.294509645107339
34.400000000000006	0.29366909638333427
34.5	0.2928330156322346
34.6	0.2920008213058781
34.7	0.291171943379835
34.8	0.2903458236392034
34.900000000000006	0.28952191595136934
35.	0.2886996865258291
35.1	0.2878786141611529
35.2	0.2870581904791242
35.3	0.2862379201460736
35.400000000000006	0.2854173210813922
35.5	0.2845959246531915
35.6	0.28377327586105344
35.7	0.28294893350580197
35.8	0.2821224703462082
35.900000000000006	0.28129347324253223
36.	0.28046154328679773
36.1	0.27962629591968646
36.2	0.278787361033941
36.3	0.27794438306415986
36.400000000000006	0.27709702106287504
36.5	0.27624494876280586
36.6	0.27538785462519244
36.7	0.2745254418741181
36.8	0.2736574285167491
36.900000000000006	0.2727835473494282
37.	0.2719035459495801
37.1	0.2710171866534008
37.2	0.27012424651933004
37.3	0.2692245172773183
37.400000000000006	0.2683178052639315
37.5	0.26740393134335777
37.6	0.2664827308144021
37.7	0.2655540533035899
37.8	0.2646177626445182
37.900000000000006	0.26367373674362604
38.	0.2627218674325835
38.1	0.26176206030752125
38.2	0.26079423455535977
38.3	0.25981832276751515
38.400000000000006	0.25883427074129267
38.5	0.2578420372693027
38.6	0.256841593917262
38.7	0.2558329247905647
38.8	0.25481602629003886
38.900000000000006	0.2537909068573174
39.	0.2527575867102867
39.1	0.2517160975690821
39.2	0.2506664823731367
39.300000000000004	0.24960879498978877
39.4	0.24854309991498374
39.5	0.24746947196661423
39.6	0.24638799597105562
39.7	0.2452987664434657
39.800000000000004	0.24420188726242723
39.9	0.24309747133951717
40.	0.2419856402843935
40.1	0.2408665240659947
40.2	0.23974026067044665
40.300000000000004	0.23860699575627076
40.4	0.23746688230749224
40.5	0.23632008028523127
40.6	0.23516675627836767
40.7	0.23400708315385205
40.800000000000004	0.23284123970723372
40.9	0.2316694103139628
41.	0.23049178458201203
41.1	0.22930855700635147
41.2	0.22811992662579472
41.300000000000004	0.22692609668271826
41.4	0.2257272742861377
41.5	0.2245236700786108
41.6	0.22331549790741478
41.7	0.2221029745004233
41.800000000000004	0.2208863191470944
41.9	0.21966575338495423
42.	0.21844150069193924
42.1	0.2172137861849424
42.2	0.21598283632488027
42.300000000000004	0.21474887862857797
42.4	0.2135121413877464
42.5	0.21227285339529975
42.6	0.21103124367924392
42.7	0.20978754124433574
42.800000000000004	0.20854197482169692
42.9	0.20729477262654022
43.	0.20604616212414228
43.1	0.2047963698041819
43.2	0.20354562096352988
43.300000000000004	0.20229413949756775
43.4	0.20104214770008397
43.5	0.1997898660717789
43.6	0.19853751313739232
43.7	0.19728530527144691
43.800000000000004	0.1960334565325833
43.9	0.194782178506447
44.	0.1935316801570695
44.1	0.19228216768667303
44.2	0.19103384440381016
44.300000000000004	0.18978691059974023
44.4	0.18854156343292794
44.5	0.1872979968215388
44.6	0.18605640134379822
44.7	0.18481696414606322
44.800000000000004	0.18357986885845465
44.9	0.18234529551788342
45.	0.18111342049829834
45.1	0.179884416447978
45.2	0.17865845223367852
45.300000000000004	0.17743569289144748
45.400000000000006	0.17621629958390922
45.5	0.17500042956381817
45.6	0.17378823614368138
45.7	0.1725798686712417
45.800000000000004	0.17137547251061327
45.900000000000006	0.17017518902886272
46.	0.1689791555878228
46.1	0.1677875055409304
46.2	0.16660036823487706
46.300000000000004	0.16541786901586414
46.400000000000006	0.16424012924025308
46.5	0.16306726628940352
46.6	0.16189939358849756
46.7	0.1607366206291447
46.800000000000004	0.15957905299556935
46.900000000000006	0.15842679239418542
47.	0.15727993668636323
47.1	0.15613857992420005
47.2	0.15500281238910993
47.300000000000004	0.1538727206330498
47.400000000000006	0.15274838752220446
47.5	0.15162989228296037
47.6	0.15051731054999615
47.7	0.14941071441633053
47.800000000000004	0.1483101724851658
47.900000000000006	0.14721574992337486
48.	0.14612750851648285
48.1	0.14504550672499886
48.2	0.14396979974196034
48.300000000000004	0.14290043955155549
48.400000000000006	0.14183747498869506
48.5	0.140780951799411
48.6	0.13973091270196197
48.7	0.13868739744853384
48.800000000000004	0.13765044288742492
48.900000000000006	0.1366200830256135
49.	0.1355963490916079
49.1	0.13457926959848496
49.2	0.13356887040702847
49.300000000000004	0.1325651747888806
49.400000000000006	0.1315682034896282
49.5	0.13057797479174552
49.6	0.12959450457732297
49.7	0.12861780639051465
49.800000000000004	0.12764789149963884
49.900000000000006	0.12668476895887448
50.	0.1257284456694955
50.1	0.12477892644059232
50.2	0.12383621404923115
50.300000000000004	0.12290030930000642
50.400000000000006	0.1219712110839445
50.5	0.12104891643671946
50.6	0.12013342059614673
50.7	0.11922471705892147
50.800000000000004	0.11832279763657198
50.900000000000006	0.11742765251060143
51.	0.11653927028679431
51.1	0.11565763804866497
51.2	0.11478274141002988
51.300000000000004	0.11391456456668651
51.400000000000006	0.11305309034718347
51.5	0.11219830026267003
51.6	0.11135017455581386
51.7	0.11050869224877902
51.800000000000004	0.1096738311902558
51.900000000000006	0.10884556810153857
52.	0.10802387862164697
52.1	0.10720873735148867
52.2	0.10640011789706329
52.300000000000004	0.10559799291170686
52.400000000000006	0.10480233413738009
52.5	0.10401311244500264
52.6	0.10323029787383713
52.7	0.10245385966992956
52.800000000000004	0.10168376632361041
52.900000000000006	0.1009199856060644
53.	0.10016248460497656
53.1	0.09941122975926318
53.2	0.09866618689289713
53.300000000000004	0.09792732124783636
53.400000000000006	0.09719459751606807
53.5	0.09646797987077771
53.6	0.09574743199665488
53.7	0.09503291711934918
53.800000000000004	0.0943243980340869
53.900000000000006	0.09362183713346202
54.	0.09292519643441413
54.1	0.09223443760440746
54.2	0.09154952198682362
54.300000000000004	0.09087041062558218
54.400000000000006	0.09019706428900301
54.5	0.08952944349292448
54.6	0.08886750852309154
54.7	0.08821121945682829
54.800000000000004	0.08756053618400873
54.900000000000006	0.08691541842734084
55.	0.08627582576197754
55.1	0.0856417176344694
55.2	0.08501305338107364
55.300000000000004	0.08438979224543264
55.400000000000006	0.08377189339563772
55.5	0.08315931594069066
55.6	0.08255201894637842
55.7	0.0819499614505742
55.800000000000004	0.08135310247797874
55.900000000000006	0.08076140105431569
56.	0.08017481621999463
56.1	0.07959330704325465
56.2	0.07901683263280258
56.300000000000004	0.07844535214995811
56.400000000000006	0.0778788248203189
56.5	0.07731720994495844
56.6	0.07676046691116943
56.7	0.07620855520276455
56.800000000000004	0.07566143440994669
56.900000000000006	0.07511906423876127
57.	0.07458140452014116
57.1	0.07404841521855694
57.2	0.07352005644028325
57.300000000000004	0.07299628844129176
57.400000000000006	0.07247707163478284
57.5	0.07196236659836538
57.6	0.07145213408089589
57.7	0.0709463350089872
57.800000000000004	0.07044493049319618
57.900000000000006	0.06994788183390065
58.	0.06945515052687537
58.1	0.06896669826857567
58.2	0.06848248696113875
58.300000000000004	0.068002478717111
58.400000000000006	0.0675266358639104
58.5	0.0670549209480325
58.6	0.06658729673900805
58.7	0.06612372623312093
58.800000000000004	0.06566417265689402
58.900000000000006	0.06520859947035028
59.	0.06475697037005786
59.1	0.06430924929196505
59.2	0.06386540041403364
59.300000000000004	0.06342538815867656
59.400000000000006	0.06298917719500743
59.5	0.06255673244090797
59.6	0.06212801906492021
59.7	0.06170300248796983
59.800000000000004	0.06128164838492596
59.900000000000006	0.06086392268600446
60.	0.060449791578019524
60.1	0.060039221505489695
60.2	0.05963217917160387
60.300000000000004	0.059228631539051974
60.400000000000006	0.058828545830726144
60.5	0.058431889530297085
60.6	0.05803863038266998
60.7	0.057648736394326196
60.800000000000004	0.0572621758335531
60.900000000000006	0.05687891723056865
61.	0.0564989293775433
61.1	0.05612218132852462
61.2	0.055748642399267884
61.300000000000004	0.05537828216697721
61.400000000000006	0.05501107046996017
61.5	0.05464697740720062
61.6	0.05428597333785231
61.7	0.05392802888065766
61.800000000000004	0.053573114913294126
61.900000000000006	0.05322120257165213
62.	0.052872263249047334
62.1	0.05252626859537039
62.2	0.05218319051617702
62.300000000000004	0.05184300117172132
62.400000000000006	0.051505672975935314
62.5	0.051171178595356644
62.6	0.05083949094800792
62.7	0.05051058320222947
62.800000000000004	0.050184428775468394
62.900000000000006	0.04986100133302582
63.	0.049540274786764954
63.1	0.049222223293781724
63.2	0.04890682125504068
63.300000000000004	0.04859404331397738
63.400000000000006	0.04828386435506988
63.5	0.04797625950238092
63.6	0.04767120411807251
63.7	0.04736867380089492
63.800000000000004	0.0470686443846517
63.900000000000006	0.04677109193664195
64.	0.046475992756082184
64.1	0.04618332337250839
64.2	0.04589306054416054
64.30000000000001	0.04560518125635042
64.4	0.04531966271981444
64.5	0.04503648236905214
64.6	0.04475561786065275
64.7	0.04447704707160963
64.80000000000001	0.0442007480976251
64.9	0.04392669925140555
65.	0.04365487906094855
65.1	0.04338526626782309
65.2	0.043117839825443496
65.30000000000001	0.04285257889733832
65.4	0.04258946285541485
65.5	0.042328471278220155
65.6	0.04206958394919979
65.7	0.04181278085495438
65.80000000000001	0.04155804218349571
65.9	0.0413053483225019
66.	0.04105467985757344
66.1	0.04080601757049009
66.2	0.0405593424374697
66.30000000000001	0.04031463562742909
66.4	0.04007187850024817
66.5	0.039831052605037165
66.6	0.03959213967840817
66.7	0.039355121642750984
66.80000000000001	0.03911998060451423
66.9	0.0388866988524916
67.	0.03865525885611413
67.1	0.0384256432637489
67.2	0.03819783490100427
67.30000000000001	0.037971816769042405
67.4	0.03774757204289909
67.5	0.037525084069811226
67.6	0.03730433636755276
67.7	0.037085312622778734
67.80000000000001	0.036867996689378256
67.9	0.03665237258683623
68.	0.036438424498604384
68.1	0.036226136770481844
68.2	0.03601549390900527
68.30000000000001	0.035806480579849136
68.4	0.035599081606235705
68.5	0.03539328196735568
68.6	0.03518906679679916
68.7	0.034986421380997154
68.80000000000001	0.03478533115767408
68.9	0.03458578171431095
69.	0.03438775878661973
69.1	0.03419124825702879
69.2	0.03399623615317976
69.30000000000001	0.03380270864643566
69.4	0.03361065205040051
69.5	0.033420052819450353
69.6	0.03323089754727623
69.7	0.0330431729654385
69.80000000000001	0.03285686594193313
69.9	0.032671963479769736
70.	0.032488452715561215
70.1	0.03230632091812565
70.2	0.03212555548709989
70.30000000000001	0.03194614395156507
70.4	0.03176807396868418
70.5	0.03159133332235139
70.6	0.03141590992185356
70.7	0.031241791800543643
70.80000000000001	0.03106896711452606
70.9	0.030897424141353973
71.	0.030727151278738533
71.10000000000001	0.030558137043270067
71.2	0.030390370069151327
71.3	0.030223839106942277
71.4	0.03005853302231697
71.5	0.029894440794832326
71.60000000000001	0.029731551516708424
71.7	0.02956985439162081
71.8	0.029409338733504275
71.9	0.0292499939653685
72.	0.02909180961812519
72.10000000000001	0.028934775329426732
72.2	0.02877888084251661
72.3	0.028624116005090818
72.4	0.02847047076817116
72.5	0.028317935184989595
72.60000000000001	0.02816649940988387
72.7	0.028016153697204515
72.8	0.02786688840023274
72.9	0.02771869397010967
73.	0.02757156095477647
73.10000000000001	0.0274254799979253
73.2	0.027280441837961383
73.3	0.02713643730697556
73.4	0.026993457329727844
73.5	0.026851492922641516
73.60000000000001	0.026710535192807666
73.7	0.02657057533700045
73.8	0.02643160464070257
73.9	0.026293614477141174
74.	0.026156596306334042
74.10000000000001	0.026020541674145813
74.2	0.025885442211354515
74.3	0.025751289632727856
74.4	0.025618075736109625
74.5	0.025485792401515973
74.60000000000001	0.025354431590241214
74.7	0.02522398534397362
74.8	0.02509444578392053
74.9	0.02496580510994321
75.	0.024838055599701037
75.10000000000001	0.02471118960780493
75.2	0.024585199564980287
75.3	0.024460077977238856
75.4	0.024335817425059844
75.5	0.02421241056258006
75.60000000000001	0.02408985011679282
75.7	0.023968128886755924
75.8	0.023847239742808155
75.9	0.023727175625794635
76.	0.02360792954630075
76.10000000000001	0.023489494583894432
76.2	0.023371863886377135
76.3	0.02325503066904283
76.4	0.02313898821394557
76.5	0.023023729869175055
76.60000000000001	0.022909249048140286
76.7	0.022795539228861402
76.8	0.02268259395326921
76.9	0.022570406826512745
77.	0.022458971516274632
77.10000000000001	0.02234828175209392
77.2	0.022238331324696818
77.3	0.022129114085334703
77.4	0.022020623945129776
77.5	0.021912854874428053
77.60000000000001	0.02180580090215954
77.7	0.021699456115205785
77.8	0.021593814657774536
77.9	0.02148887073078134
78.	0.0213846185912384
78.10000000000001	0.021281052551650078
78.2	0.021178166979415436
78.3	0.02107595629623742
78.4	0.020974414977538814
78.5	0.020873537551884883
78.60000000000001	0.02077331860041236
78.7	0.02067375275626516
78.8	0.020574834704036347
78.9	0.020476559179216397
79.	0.020378920967648022
79.10000000000001	0.020281914904986768
79.2	0.020185535876168142
79.3	0.020089778814880475
79.4	0.01999463870304403
79.5	0.019900110570295945
79.60000000000001	0.019806189493480945
79.7	0.019712870596148045
79.8	0.019620149048052742
79.9	0.019528020064665152
80.	0.019436478906683503
80.10000000000001	0.01934552087955329
80.2	0.019255141332991905
80.3	0.019165335660518642
80.4	0.019076099298990026
80.5	0.01898742772814056
80.60000000000001	0.01889931647012853
80.7	0.01881176108908715
80.8	0.018724757190680664
80.9	0.01863830042166557
81.	0.018552386469456925
81.10000000000001	0.018467011061699384
81.2	0.018382169965843343
81.3	0.01829785898872569
81.4	0.0182140739761555
81.5	0.018130810812504394
81.60000000000001	0.018048065420301435
81.7	0.017965833759832833
81.8	0.017884111828746007
81.9	0.017802895661658276
82.	0.017722181329769993
82.10000000000001	0.017641964940481872
82.2	0.017562242637017028
82.3	0.017483010598046897
82.4	0.017404265037321714
82.5	0.017326002203305022
82.60000000000001	0.017248218378812342
82.7	0.017170909880654006
82.8	0.017094073059281942
82.9	0.01701770429844049
83.	0.016941800014821262
83.10000000000001	0.01686635665772175
83.2	0.016791370708707884
83.3	0.016716838681280422
83.4	0.016642757120544995
83.5	0.016569122602886108
83.60000000000001	0.016495931735644495
83.7	0.016423181156798437
83.80000000000001	0.0163508675346484
83.9	0.01627898756750549
84.	0.016207537983383116
84.10000000000001	0.016136515539692413
84.2	0.016065917022940957
84.30000000000001	0.015995739248434764
84.4	0.015925979059983893
84.5	0.01585663332961111
84.60000000000001	0.01578769895726396
84.7	0.015719172870530044
84.80000000000001	0.015651052024355436
84.9	0.015583333400766352
85.	0.015516014008593834
85.10000000000001	0.015449090883201549
85.2	0.015382561086216705
85.30000000000001	0.01531642170526383
85.4	0.0152506698537017
85.5	0.015185302670363006
85.60000000000001	0.015120317319297085
85.7	0.01505571098951549
85.80000000000001	0.014991480894740285
85.9	0.01492762427315528
86.	0.01486413838715997
86.10000000000001	0.014801020523126167
86.2	0.014738267991157456
86.30000000000001	0.014675878124851159
86.4	0.014613848281063116
86.5	0.014552175839674905
86.60000000000001	0.01449085820336375
86.7	0.014429892797374977
86.80000000000001	0.01436927706929686
86.9	0.014309008488838156
87.	0.01424908454760791
87.10000000000001	0.014189502758897774
87.2	0.01413026065746677
87.30000000000001	0.01407135579932831
87.4	0.014012785761539647
87.5	0.013954548141993624
87.60000000000001	0.013896640559212685
87.7	0.013839060652145187
87.80000000000001	0.0137818060799639
87.9	0.013724874521866774
88.	0.013668263676879825
88.10000000000001	0.013611971263662218
88.2	0.013555995020313499
88.30000000000001	0.013500332704182858
88.4	0.01344498209168058
88.5	0.013389940978091434
88.60000000000001	0.013335207177390205
88.7	0.013280778522059172
88.80000000000001	0.013226652862907579
88.9	0.01317282806889308
89.	0.01311930202694512
89.10000000000001	0.013066072641790227
89.2	0.013013137835779238
89.30000000000001	0.012960495548716281
89.4	0.012908143737689792
89.5	0.012856080376905147
89.60000000000001	0.0128043034575193
89.7	0.012752810987477074
89.80000000000001	0.012701600991349257
89.9	0.012650671510172464
90.	0.012600020601290677
90.10000000000001	0.012549646338198548
90.2	0.012499546810386326
90.30000000000001	0.012449720123186495
90.4	0.012400164397622026
90.5	0.012350877770256273
90.60000000000001	0.012301858393044452
90.7	0.01225310443318678
90.80000000000001	0.01220461407298303
90.9	0.012156385509688861
91.	0.012108416955373456
91.10000000000001	0.012060706636778818
91.2	0.012013252795180552
91.30000000000001	0.011966053686250026
91.4	0.011919107579918153
91.5	0.011872412760240475
91.60000000000001	0.011825967525263752
91.7	0.011779770186893976
91.80000000000001	0.01173381907076573
91.9	0.011688112516112974
92.	0.011642648875641145
92.10000000000001	0.011597426515400664
92.2	0.011552443814661775
92.30000000000001	0.011507699165790614
92.4	0.011463190974126718
92.5	0.011418917657861679
92.60000000000001	0.011374877647919205
92.7	0.011331069387836356
92.80000000000001	0.01128749133364602
92.9	0.01124414195376069
93.	0.0112010197288574
93.10000000000001	0.011158123151763826
93.2	0.011115450727345728
93.30000000000001	0.011073000972395362
93.4	0.011030772415521218
93.5	0.010988763597038827
93.60000000000001	0.010946973068862711
93.7	0.01090539939439949
93.80000000000001	0.010864041148442041
93.9	0.010822896917064822
94.	0.010781965297520216
94.10000000000001	0.01074124489813598
94.2	0.010700734338213766
94.30000000000001	0.010660432247928666
94.4	0.0106203372682298
94.5	0.010580448050741906
94.60000000000001	0.010540763257668007
94.7	0.010501281561693027
94.80000000000001	0.010462001645888369
94.9	0.010422922203617572
95.	0.01038404193844282
95.10000000000001	0.010345359564032482
95.2	0.010306873804069609
95.30000000000001	0.010268583392161286
95.4	0.010230487071748985
95.5	0.010192583596019798
95.60000000000001	0.010154871727818591
95.7	0.010117350239561042
95.80000000000001	0.010080017913147537
95.9	0.010042873539878037
96.	0.010005915920367649
96.10000000000001	0.009969143864463207
96.2	0.009932556191160622
96.30000000000001	0.009896151728523052
96.4	0.00985992931359998
96.5	0.009823887792346999
96.60000000000001	0.009788026019546476
96.7	0.009752342858729049
96.80000000000001	0.009716837182095794
96.9	0.009681507870441303
97.	0.009646353813077442
97.10000000000001	0.009611373907757922
97.2	0.009576567060603615
97.30000000000001	0.009541932186028623
97.4	0.009507468206667063
97.5	0.009473174053300594
97.60000000000001	0.009439048664786696
97.7	0.00940509098798763
97.80000000000001	0.009371299977700105
97.9	0.009337674596585646
98.	0.009304213815101709
98.10000000000001	0.00927091661143336
98.2	0.009237781971425793
98.30000000000001	0.009204808888517331
98.4	0.00917199636367328
98.5	0.009139343405320263
98.60000000000001	0.009106849029281331
98.7	0.009074512258711644
98.80000000000001	0.009042332124034826
98.9	0.009010307662879904
99.	0.00897843792001891
99.10000000000001	0.00894672194730505
99.2	0.00891515880361154
99.30000000000001	0.008883747554770975
99.4	0.008852487273515341
99.5	0.008821377039416597
99.60000000000001	0.008790415938827805
99.7	0.008759603064824924
99.80000000000001	0.008728937517149041
99.9	0.00869841840214931
100.	0.008668044832726311
100.10000000000001	0.008637815928276038
100.2	0.008607730814634453
100.30000000000001	0.008577788624022472
100.4	0.00854798849499159
100.5	0.00851832957236999
100.60000000000001	0.008488811007209147
100.7	0.00845943195673103
100.80000000000001	0.008430191584275671
100.9	0.00840108905924943
101.	0.008372123557073565
101.10000000000001	0.008343294259133419
101.2	0.008314600352728083
101.30000000000001	0.00828604103102048
101.4	0.008257615492987999
101.5	0.008229322943373541
101.60000000000001	0.008201162592637083
101.7	0.008173133656907678
101.80000000000001	0.008145235357935909
101.9	0.00811746692304682
102.	0.008089827585093268
102.10000000000001	0.008062316582409728
102.2	0.008034933158766567
102.30000000000001	0.008007676563324675
102.4	0.00798054605059063
102.5	0.007953540880372197
102.60000000000001	0.00792666031773429
102.7	0.007899903632955362
102.80000000000001	0.007873270101484154
102.9	0.007846759003896947
103.	0.007820369625855075
103.10000000000001	0.00779410125806298
103.2	0.007767953196226595
103.30000000000001	0.007741924741012086
103.4	0.007716015198005061
103.5	0.007690223877670089
103.60000000000001	0.007664550095310632
103.7	0.007638993171029366
103.80000000000001	0.007613552429688826
103.9	0.007588227200872464
104.	0.007563016818846037
104.10000000000001	0.007537920622519371
104.2	0.007512937955408498
104.30000000000001	0.007488068165598096
104.4	0.007463310605704325
104.5	0.007438664632837976
104.60000000000001	0.007414129608567979
104.7	0.007389704898885252
104.80000000000001	0.007365389874166854
104.9	0.007341183909140517
105.	0.007317086382849458
105.10000000000001	0.007293096678617532
105.2	0.007269214184014731
105.30000000000001	0.007245438290822952
105.4	0.0072217683950021256
105.5	0.007198203896656618
105.60000000000001	0.00717474420000197
105.7	0.007151388713331923
105.80000000000001	0.007128136848985741
105.9	0.007104988023315863
106.	0.007081941656655806
106.10000000000001	0.007058997173288394
106.2	0.007036154001414264
106.30000000000001	0.007013411573120657
106.4	0.006990769324350501
106.5	0.006968226694871762
106.60000000000001	0.006945783128247069
106.7	0.006923438071803646
106.80000000000001	0.006901190976603494
106.9	0.006879041297413808
107.	0.006856988492677733
107.10000000000001	0.006835032024485331
107.2	0.00681317135854482
107.30000000000001	0.006791405964154084
107.4	0.0067697353141724335
107.5	0.006748158884992608
107.60000000000001	0.006726676156513032
107.7	0.006705286612110356
107.80000000000001	0.006683989738612177
107.9	0.0066627850262700634
108.	0.0066416719687327945
108.10000000000001	0.0066206500630198225
108.2	0.006599718809495014
108.30000000000001	0.006578877711840576
108.4	0.006558126277031271
108.5	0.006537464015308785
108.60000000000001	0.006516890440156399
108.7	0.006496405068273844
108.80000000000001	0.006476007419552384
108.9	0.006455697017050125
109.	0.0064354733869675254
109.10000000000001	0.0064153360586231625
109.2	0.006395284564429669
109.30000000000001	0.006375318439869897
109.4	0.006355437223473301
109.5	0.0063356404567925274
109.60000000000001	0.00631592768438018
109.7	0.006296298453765847
109.80000000000001	0.006276752315433254
109.9	0.006257288822797696
110.	0.006237907532183605
110.10000000000001	0.006218608002802346
110.2	0.006199389796730192
110.30000000000001	0.0061802524788865
110.4	0.006161195617012079
110.5	0.006142218781647731
110.60000000000001	0.00612332154611299
110.7	0.006104503486485058
110.80000000000001	0.006085764181577876
110.9	0.00606710321292146
111.	0.006048520164741305
111.10000000000001	0.00603001462393808
111.2	0.006011586180067419
111.30000000000001	0.005993234425319911
111.4	0.0059749589545012825
111.5	0.005956759365012714
111.60000000000001	0.0059386352568313455
111.7	0.0059205862324909694
111.80000000000001	0.0059026118970628315
111.9	0.005884711858136673
112.	0.005866885725801854
112.10000000000001	0.005849133112628717
112.2	0.005831453633650044
112.30000000000001	0.005813846906342702
112.4	0.005796312550609465
112.5	0.00577885018876094
112.60000000000001	0.00576145944549769
112.7	0.005744139947892496
112.80000000000001	0.005726891325372749
112.9	0.005709713209703037
113.	0.005692605234967831
113.10000000000001	0.005675567037554345
113.2	0.00565859825613555
113.30000000000001	0.005641698531653271
113.4	0.0056248675073015415
113.5	0.005608104828509962
113.60000000000001	0.0055914101429273
113.7	0.005574783100405199
113.80000000000001	0.005558223352981986
113.9	0.005541730554866687
114.	0.005525304362423106
114.10000000000001	0.0055089444341540885
114.2	0.005492650430685879
114.30000000000001	0.005476422014752643
114.4	0.005460258851181102
114.5	0.00544416060687528
114.60000000000001	0.005428126950801403
114.7	0.005412157553972933
114.80000000000001	0.0053962520894356705
114.9	0.005380410232253065
115.	0.005364631659491564
115.10000000000001	0.005348916050206129
115.2	0.005333263085425883
115.30000000000001	0.005317672448139836
115.4	0.005302143823282753
115.5	0.005286676897721145
115.60000000000001	0.0052712713602393576
115.7	0.005255926901525786
115.80000000000001	0.005240643214159192
115.9	0.005225419992595162
116.	0.005210256933152629
116.10000000000001	0.0051951537340005445
116.2	0.0051801100951446655
116.30000000000001	0.00516512571841439
116.4	0.005150200307449781
116.5	0.005135333567688638
116.60000000000001	0.005120525206353691
116.7	0.005105774932439911
116.80000000000001	0.005091082456701917
116.9	0.005076447491641467
117.	0.005061869751495075
117.10000000000001	0.005047348952221719
117.2	0.005032884811490663
117.30000000000001	0.005018477048669336
117.4	0.005004125384811367
117.5	0.004989829542644671
117.60000000000001	0.004975589246559643
117.7	0.004961404222597473
117.80000000000001	0.004947274198438515
117.9	0.004933198903390777
118.	0.004919178068378498
118.10000000000001	0.004905211425930803
118.2	0.004891298710170486
118.30000000000001	0.00487743965680282
118.4	0.0048636340031045396
118.5	0.004849881487912823
118.60000000000001	0.004836181851614436
118.7	0.004822534836134924
118.80000000000001	0.004808940184927895
118.9	0.0047953976429644
119.	0.0047819069567223834
119.10000000000001	0.004768467874176226
119.2	0.004755080144786375
119.30000000000001	0.00474174351948904
119.4	0.004728457750685996
119.5	0.004715222592234444
119.60000000000001	0.004702037799436954
119.7	0.004688903129031514
119.80000000000001	0.00467581833918162
119.9	0.004662783189466476
120.	0.004649797440871251
120.10000000000001	0.004636860855777409
120.2	0.004623973197953155
120.30000000000001	0.004611134232543898
120.4	0.0045983437260628335
120.5	0.00458560144638158
120.60000000000001	0.004572907162720891
120.7	0.004560260645641453
120.80000000000001	0.004547661667034729
120.9	0.004535110000113901
121.	0.004522605419404872
121.10000000000001	0.004510147700737326
121.2	0.004497736621235884
121.30000000000001	0.004485371959311308
121.4	0.004473053494651779
121.5	0.004460781008214243
121.60000000000001	0.004448554282215834
121.7	0.004436373100125342
121.80000000000001	0.004424237246654771
121.9	0.004412146507750947
122.	0.004400100670587189
122.10000000000001	0.004388099523555056
122.2	0.004376142856256158
122.30000000000001	0.004364230459494017
122.4	0.004352362125265999
122.5	0.004340537646755309
122.60000000000001	0.004328756818323042
122.7	0.004317019435500312
122.80000000000001	0.004305325294980406
122.9	0.004293674194611045
123.	0.004282065933386659
123.10000000000001	0.004270500311440757
123.2	0.004258977130038334
123.30000000000001	0.004247496191568346
123.4	0.004236057299536233
123.5	0.004224660258556506
123.60000000000001	0.004213304874345395
123.7	0.004201990953713552
123.80000000000001	0.0041907183045587805
123.9	0.004179486735858871
124.	0.004168296057664456
124.10000000000001	0.004157146081091918
124.2	0.004146036618316384
124.30000000000001	0.004134967482564718
124.4	0.0041239384881086244
124.5	0.004112949450257767
124.60000000000001	0.004102000185352952
124.7	0.004091090510759361
124.80000000000001	0.004080220244859832
124.9	0.004069389207048199
125.	0.004058597217722671
125.10000000000001	0.004047844098279269
125.2	0.004037129671105309
125.30000000000001	0.004026453759572934
125.4	0.0040158161880326955
125.5	0.00400521678180718
125.60000000000001	0.003994655367184684
125.7	0.0039841317714129475
125.80000000000001	0.003973645822692907
125.9	0.003963197350172531
126.	0.003952786183940666
126.10000000000001	0.003942412155020958
126.2	0.003932075095365798
126.30000000000001	0.003921774837850324
126.4	0.003911511216266465
126.5	0.0039012840653170244
126.60000000000001	0.003891093220609816
126.7	0.0038809385186518333
126.80000000000001	0.0038708197968434703
126.9	0.0038607368934727828
127.	0.003850689647709784
127.10000000000001	0.0038406778996008016
127.2	0.003830701490062848
127.30000000000001	0.00382076026087806
127.4	0.0038108540546881657
127.5	0.003800982714988989
127.60000000000001	0.003791146086124995
127.7	0.003781344013283894
127.80000000000001	0.0037715763424912545
127.9	0.003761842920605183
128.	0.0037521435953110235
128.10000000000002	0.0037424782151161034
128.2	0.0037328466293445267
128.3	0.003723248688131981
128.4	0.0037136842424206123
128.5	0.0037041531439539073
128.60000000000002	0.0036946552452716427
128.7	0.0036851903997048505
128.8	0.0036757584613708095
128.9	0.003666359285168121
129.	0.0036569927267717595
129.10000000000002	0.0036476586426281974
129.2	0.003638356889950569
129.3	0.003629087326713823
129.4	0.003619849811649983
129.5	0.003610644204243372
129.60000000000002	0.003601470364725909
129.7	0.0035923281540724454
129.8	0.00358321743399609
129.9	0.0035741380669436365
130.	0.003565089916090959
130.10000000000002	0.0035560728453384754
130.2	0.003547086719306639
130.3	0.0035381314033314484
130.4	0.003529206763460021
130.5	0.003520312666446147
130.60000000000002	0.003511448979745929
130.7	0.0035026155715134205
130.8	0.0034938123105962993
130.9	0.0034850390665315855
131.	0.0034762957095413713
131.10000000000002	0.0034675821105285896
131.2	0.0034588981410728315
131.3	0.003450243673426146
131.4	0.0034416185805089213
131.5	0.0034330227359057677
131.60000000000002	0.003424456013861423
131.7	0.0034159182892767206
131.8	0.003407409437704532
131.9	0.003398929335345806
132.	0.0033904778590455745
132.10000000000002	0.0033820548862890103
132.2	0.0033736602951975414
132.3	0.003365293964524918
132.4	0.0033569557736534065
132.5	0.0033486456025899176
132.60000000000002	0.0033403633319622184
132.7	0.0033321088430151593
132.8	0.0033238820176068984
132.9	0.003315682738205211
133.	0.003307510887883757
133.10000000000002	0.0032993663503184255
133.2	0.0032912490097836934
133.3	0.003283158751148967
133.4	0.003275095459875034
133.5	0.0032670590220104487
133.60000000000002	0.003259049324188007
133.7	0.003251066253621225
133.8	0.003243109698100815
133.9	0.003235179545991244
134.	0.003227275686227261
134.10000000000002	0.0032193980083104765
134.2	0.0032115464023059633
134.3	0.0032037207588388643
134.4	0.0031959209690910605
134.5	0.0031881469247978063
134.60000000000002	0.003180398518244444
134.7	0.003172675642263115
134.8	0.0031649781902294664
134.9	0.003157306056059454
135.	0.0031496591342060807
135.1	0.0031420373196562224
135.20000000000002	0.003134440507927441
135.3	0.00312686859506484
135.4	0.0031193214776379192
135.5	0.003111799052737468
135.6	0.0031043012179724815
135.70000000000002	0.003096827871467074
135.8	0.0030893789118574566
135.9	0.003081954238288882
136.	0.003074553750412654
136.1	0.0030671773483831395
136.20000000000002	0.0030598249328547904
136.3	0.003052496404979217
136.4	0.003045191666402242
136.5	0.0030379106192610053
136.6	0.00303065316618107
136.70000000000002	0.0030234192102735606
136.8	0.0030162086551323163
136.9	0.003009021404831054
137.	0.0030018573639205622
137.1	0.0029947164374259146
137.20000000000002	0.002987598530843689
137.3	0.002980503550139222
137.4	0.0029734314017438724
137.5	0.0029663819925522974
137.6	0.002959355229919757
137.70000000000002	0.002952351021659443
137.8	0.0029453692760398036
137.9	0.0029384099017819095
138.	0.00293147280805681
138.1	0.0029245579044829472
138.20000000000002	0.0029176651011235386
138.3	0.0029107943084840282
138.4	0.0029039454375095037
138.5	0.0028971183995821726
138.6	0.0028903131065188296
138.70000000000002	0.0028835294705683565
138.8	0.002876767404409229
138.9	0.002870026821147029
139.	0.002863307634312016
139.1	0.0028566097578566576
139.20000000000002	0.0028499331061532193
139.3	0.0028432775939913517
139.4	0.0028366431365756963
139.5	0.0028300296495235096
139.6	0.002823437048862297
139.70000000000002	0.002816865251027474
139.8	0.002810314172860026
139.9	0.0028037837316042032
140.	0.002797273844905208
140.1	0.002790784430806921
140.20000000000002	0.002784315407749619
140.3	0.002777866694567736
140.4	0.002771438210487604
140.5	0.002765029875125237
140.6	0.0027586416084841225
140.70000000000002	0.0027522733309530093
140.8	0.002745924963303749
140.9	0.0027395964266891033
141.	0.002733287642640601
141.1	0.0027269985330663966
141.20000000000002	0.0027207290202491425
141.3	0.002714479026843883
141.4	0.0027082484758759397
141.5	0.002702037290738841
141.6	0.0026958453951922414
141.70000000000002	0.0026896727133598687
141.8	0.002683519169727476
141.9	0.0026773846891408066
142.	0.0026712691968035825
142.1	0.0026651726182754893
142.20000000000002	0.002659094879470194
142.3	0.0026530359066533524
142.4	0.0026469956264406546
142.5	0.0026409739657958582
142.6	0.002634970852028854
142.70000000000002	0.002628986212793734
142.8	0.0026230199760868735
142.9	0.002617072070245027
143.	0.002611142423943436
143.1	0.002605230966193941
143.20000000000002	0.0025993376263431216
143.3	0.002593462334070443
143.4	0.002587605019386395
143.5	0.0025817656126306734
143.6	0.0025759440444703486
143.70000000000002	0.002570140245898064
143.8	0.002564354148230235
143.9	0.002558585683105257
144.	0.002552834782481736
144.1	0.002547101378636718
144.20000000000002	0.002541385404163938
144.3	0.00253568679197209
144.4	0.002530005475283071
144.5	0.0025243413876302793
144.6	0.0025186944628569027
144.70000000000002	0.002513064635114214
144.8	0.00250745183885989
144.9	0.002501856008856329
145.	0.002496277080168985
145.1	0.0024907149881647148
145.20000000000002	0.002485169668510125
145.3	0.0024796410571699483
145.4	0.0024741290904054074
145.5	0.002468633704772603
145.6	0.0024631548371209125
145.70000000000002	0.00245769242459139
145.8	0.002452246404615187
145.9	0.002446816714911972
146.	0.0024414032934883694
146.1	0.0024360060786364
146.20000000000002	0.0024306250089319386
146.3	0.002425260023233181
146.4	0.002419911060679106
146.5	0.002414578060687973
146.6	0.002409260962955805
146.70000000000002	0.002403959707454887
146.8	0.002398674234432296
146.9	0.0023934044844083975
147.	0.0023881503981753867
147.1	0.0023829119167958286
147.20000000000002	0.0023776889816012024
147.3	0.002372481534190457
147.4	0.0023672895164285825
147.5	0.002362112870445176
147.6	0.002356951538633027
147.70000000000002	0.0023518054636467154
147.8	0.002346674588401208
147.9	0.0023415588560704637
148.	0.002336458210086056
148.1	0.002331372594135799
148.20000000000002	0.0023263019521623804
148.3	0.0023212462283620054
148.4	0.0023162053671830444
148.5	0.002311179313324698
148.6	0.0023061680117356627
148.70000000000002	0.002301171407612804
148.8	0.0022961894463998456
148.9	0.002291222073786055
149.	0.002286269235704948
149.1	0.0022813308783329947
149.20000000000002	0.0022764069480883356
149.3	0.0022714973916295083
149.4	0.00226660215585417
149.5	0.002261721187897846
149.6	0.00225685443513267
149.70000000000002	0.002252001845166142
149.8	0.002247163365839888
149.9	0.0022423389452284324
150.	0.0022375285316379666
150.1	0.002232732073605145
150.20000000000002	0.002227949519895862
150.3	0.0022231808195040687
150.4	0.0022184259216505623
150.5	0.002213684775781805
150.6	0.0022089573315687487
150.70000000000002	0.0022042435389056543
150.8	0.002199543347908937
150.9	0.0021948567089159956
151.	0.0021901835724840663
151.1	0.0021855238893890797
151.20000000000002	0.0021808776106245235
151.3	0.0021762446874003054
151.4	0.0021716250711416333
151.5	0.0021670187134878983
151.6	0.002162425566291561
151.70000000000002	0.0021578455816170486
151.8	0.002153278711739659
151.9	0.002148724909144467
152.	0.002144184126525238
152.1	0.0021396563167833545
152.20000000000002	0.00213514143302674
152.3	0.0021306394285687995
152.4	0.0021261502569273508
152.5	0.0021216738718235818
152.6	0.0021172102271809976
152.70000000000002	0.0021127592771243773
152.8	0.002108320975978753
152.9	0.0021038952782683642
153.	0.002099482138715651
153.1	0.002095081512240225
153.20000000000002	0.002090693353957868
153.3	0.002086317619179529
153.4	0.0020819542634103174
153.5	0.0020776032423485175
153.6	0.002073264511884599
153.70000000000002	0.0020689380281002376
153.8	0.0020646237472673433
153.9	0.0020603216258470833
154.	0.002056031620488925
154.1	0.002051753688029674
154.20000000000002	0.0020474877854925245
154.3	0.0020432338700861145
154.4	0.0020389918992035796
154.5	0.002034761830421617
154.6	0.002030543621499563
154.70000000000002	0.0020263372303784576
154.8	0.0020221426151801353
154.9	0.0020179597342063027
155.	0.002013788545937635
155.1	0.002009629009032869
155.20000000000002	0.0020054810823279083
155.3	0.0020013447248349247
155.4	0.0019972198957414816
155.5	0.0019931065544096347
155.6	0.0019890046603750692
155.70000000000002	0.001984914173346219
155.8	0.001980835053203403
155.9	0.001976767259997961
156.	0.0019727107539513973
156.1	0.0019686654954545247
156.20000000000002	0.0019646314450666212
156.3	0.001960608563514588
156.4	0.001956596811692104
156.5	0.001952596150658802
156.6	0.0019486065416394337
156.70000000000002	0.001944627946023049
156.8	0.0019406603253621798
156.9	0.0019367036413720194
157.	0.0019327578559296171
157.1	0.0019288229310730747
157.20000000000002	0.001924898829000742
157.3	0.0019209855120704243
157.4	0.0019170829427985923
157.5	0.0019131910838595912
157.6	0.0019093098980848618
157.70000000000002	0.0019054393484621611
157.8	0.0019015793981347936
157.9	0.001897730010400835
158.	0.0018938911487123736
158.1	0.0018900627766747476
158.20000000000002	0.0018862448580457885
158.3	0.001882437356735076
158.4	0.0018786402368031806
158.5	0.001874853462460927
158.6	0.0018710769980686557
158.70000000000002	0.0018673108081354829
158.8	0.0018635548573185804
158.9	0.0018598091104224358
159.	0.0018560735323981403
159.1	0.0018523480883426676
159.20000000000002	0.0018486327434981567
159.3	0.0018449274632512096
159.4	0.001841232213132175
159.5	0.001837546958814453
159.6	0.0018338716661137947
159.70000000000002	0.0018302063009876092
159.8	0.0018265508295342734
159.9	0.0018229052179924404
160.	0.0018192694327403662
160.1	0.00181564344029522
160.20000000000002	0.001812027207312418
160.3	0.0018084207005849477
160.4	0.001804823887042701
160.5	0.0018012367337518127
160.60000000000002	0.0017976592079139945
160.70000000000002	0.001794091276865887
160.8	0.0017905329080783992
160.9	0.0017869840691560647
161.	0.0017834447278363911
161.10000000000002	0.0017799148519892236
161.20000000000002	0.0017763944096161033
161.3	0.0017728833688496343
161.4	0.0017693816979528472
161.5	0.00176588936531858
161.60000000000002	0.0017624063394688439
161.70000000000002	0.0017589325890542136
161.8	0.0017554680828531998
161.9	0.0017520127897716377
162.	0.001748566678842081
162.10000000000002	0.001745129719223189
162.20000000000002	0.0017417018801991282
162.3	0.001738283131178963
162.4	0.0017348734416960698
162.5	0.0017314727814075322
162.60000000000002	0.0017280811200935573
162.70000000000002	0.0017246984276568867
162.8	0.0017213246741222096
162.9	0.001717959829635584
163.	0.00171460386446386
163.10000000000002	0.0017112567489940996
163.20000000000002	0.0017079184537330148
163.3	0.0017045889493063884
163.4	0.0017012682064585145
163.5	0.0016979561960516357
163.60000000000002	0.001694652889065383
163.70000000000002	0.0016913582565962224
163.8	0.0016880722698568967
163.9	0.0016847949001758782
164.	0.0016815261189968252
164.10000000000002	0.0016782658978780265
164.20000000000002	0.001675014208491878
164.3	0.0016717710226243252
164.4	0.0016685363121743443
164.5	0.0016653100491533968
164.60000000000002	0.001662092205684908
164.70000000000002	0.0016588827540037403
164.8	0.001655681666455664
164.9	0.0016524889154968386
165.	0.0016493044736932997
165.10000000000002	0.001646128313720434
165.20000000000002	0.001642960408362477
165.3	0.0016398007305119958
165.4	0.0016366492531693845
165.5	0.0016335059494423593
165.60000000000002	0.001630370792545458
165.70000000000002	0.0016272437557995414
165.8	0.0016241248126312952
165.9	0.0016210139365727355
166.	0.0016179111012607228
166.10000000000002	0.0016148162804364668
166.20000000000002	0.0016117294479450492
166.3	0.001608650577734931
166.4	0.0016055796438574786
166.5	0.001602516620466485
166.60000000000002	0.0015994614818176916
166.70000000000002	0.001596414202268319
166.8	0.0015933747562765928
166.9	0.00159034311840128
167.	0.0015873192633012187
167.10000000000002	0.0015843031657348592
167.20000000000002	0.0015812948005598049
167.3	0.001578294142732348
167.4	0.0015753011673070197
167.5	0.0015723158494361344
167.60000000000002	0.001569338164369339
167.70000000000002	0.0015663680874531708
167.8	0.001563405594130598
167.9	0.0015604506599405908
168.	0.0015575032605176713
168.10000000000002	0.001554563371591474
168.20000000000002	0.0015516309689863185
168.3	0.001548706028620765
168.4	0.0015457885265071861
168.5	0.0015428784387513383
168.60000000000002	0.0015399757415519336
168.70000000000002	0.001537080411200214
168.8	0.0015341924240795293
168.9	0.0015313117566649152
169.	0.0015284383855226757
169.10000000000002	0.0015255722873099657
169.20000000000002	0.0015227134387743797
169.3	0.0015198618167535374
169.4	0.0015170173981746736
169.5	0.001514180160054229
169.60000000000002	0.0015113500794974514
169.70000000000002	0.0015085271336979862
169.8	0.0015057112999374762
169.9	0.0015029025555851638
170.	0.0015001008780974915
170.10000000000002	0.0014973062450177096
170.20000000000002	0.0014945186339754832
170.3	0.0014917380226864973
170.4	0.0014889643889520725
170.5	0.001486197710658777
170.60000000000002	0.0014834379657780387
170.70000000000002	0.0014806851323657668
170.8	0.001477939188561968
170.9	0.0014752001125903668
171.	0.0014724678827580328
171.10000000000002	0.0014697424774550007
171.20000000000002	0.0014670238751539014
171.3	0.0014643120544095875
171.4	0.0014616069938587673
171.5	0.001458908672219633
171.60000000000002	0.0014562170682914993
171.70000000000002	0.001453532160954441
171.8	0.001450853929168925
171.9	0.0014481823519754593
172.	0.0014455174084942247
172.10000000000002	0.0014428590779247271
172.20000000000002	0.0014402073395454419
172.3	0.0014375621727134578
172.4	0.0014349235568641293
172.5	0.0014322914715107268
172.60000000000002	0.0014296658962440882
172.70000000000002	0.001427046810732279
172.8	0.0014244341947202417
172.9	0.0014218280280294576
173.	0.0014192282905576084
173.10000000000002	0.0014166349622782332
173.20000000000002	0.0014140480232403979
173.3	0.0014114674535683552
173.4	0.0014088932334612148
173.5	0.0014063253431926086
173.60000000000002	0.0014037637631103658
173.70000000000002	0.0014012084736361814
173.8	0.0013986594552652905
173.9	0.001396116688566142
174.	0.0013935801541800808
174.10000000000002	0.0013910498328210178
174.20000000000002	0.0013885257052751213
174.3	0.0013860077524004875
174.4	0.001383495955126832
174.5	0.0013809902944551696
174.60000000000002	0.0013784907514575034
174.70000000000002	0.001375997307276516
174.8	0.0013735099431252526
174.9	0.0013710286402868169
175.	0.001368553380114063
175.10000000000002	0.0013660841440292898
175.20000000000002	0.0013636209135239382
175.3	0.0013611636701582846
175.4	0.0013587123955611455
175.5	0.0013562670714295734
175.60000000000002	0.001353827679528562
175.70000000000002	0.0013513942016907484
175.8	0.0013489666198161173
175.9	0.0013465449158717102
176.	0.0013441290718913298
176.10000000000002	0.0013417190699752523
176.20000000000002	0.0013393148922899386
176.3	0.0013369165210677433
176.4	0.0013345239386066319
176.5	0.001332137127269894
176.60000000000002	0.0013297560694858618
176.70000000000002	0.0013273807477476257
176.8	0.0013250111446127576
176.9	0.0013226472427030262
177.	0.0013202890247041243
177.10000000000002	0.0013179364733653888
177.20000000000002	0.0013155895714995313
177.3	0.001313248301982356
177.4	0.0013109126477524947
177.5	0.001308582591811132
177.60000000000002	0.0013062581172217378
177.70000000000002	0.0013039392071097985
177.8	0.0013016258446625476
177.9	0.0012993180131287058
178.	0.0012970156958182107
178.10000000000002	0.0012947188761019558
178.20000000000002	0.0012924275374115329
178.3	0.0012901416632389651
178.4	0.001287861237136452
178.5	0.0012855862427161103
178.60000000000002	0.001283316663649717
178.70000000000002	0.0012810524836684586
178.8	0.0012787936865626686
178.9	0.0012765402561815819
179.	0.00127429217643308
179.10000000000002	0.0012720494312834418
179.20000000000002	0.0012698120047570955
179.3	0.0012675798809363673
179.4	0.0012653530439612388
179.5	0.0012631314780290977
179.60000000000002	0.0012609151673944978
179.70000000000002	0.0012587040963689122
179.8	0.0012564982493204946
179.9	0.0012542976106738359
180.	0.0012521021649097262
180.10000000000002	0.0012499118965649159
180.20000000000002	0.0012477267902318812
180.3	0.001245546830558581
180.4	0.0012433720022482315
180.5	0.0012412022900590665
180.60000000000002	0.0012390376788041038
180.70000000000002	0.0012368781533509195
180.8	0.0012347236986214119
180.9	0.0012325742995915768
181.	0.0012304299412912744
181.10000000000002	0.0012282906088040084
181.20000000000002	0.001226156287266695
181.3	0.001224026961869442
181.4	0.0012219026178553198
181.5	0.0012197832405201458
181.60000000000002	0.0012176688152122576
181.70000000000002	0.0012155593273322934
181.8	0.0012134547623329764
181.9	0.0012113551057188895
182.	0.0012092603430462648
182.10000000000002	0.0012071704599227627
182.20000000000002	0.0012050854420072614
182.3	0.001203005275009636
182.4	0.0012009299446905516
182.5	0.0011988594368612488
182.60000000000002	0.0011967937373833309
182.70000000000002	0.0011947328321685576
182.8	0.0011926767071786333
182.9	0.0011906253484249985
183.	0.0011885787419686248
183.10000000000002	0.0011865368739198065
183.20000000000002	0.00118449973043796
183.3	0.0011824672977314129
183.4	0.0011804395620572058
183.5	0.0011784165097208895
183.60000000000002	0.0011763981270763214
183.70000000000002	0.0011743844005254688
183.8	0.0011723753165182075
183.9	0.001170370861552123
184.	0.0011683710221723122
184.10000000000002	0.0011663757849711917
184.20000000000002	0.001164385136588297
184.3	0.0011623990637100918
184.4	0.001160417553069771
184.5	0.0011584405914470694
184.60000000000002	0.0011564681656680699
184.70000000000002	0.0011545002626050151
184.8	0.0011525368691761124
184.9	0.001150577972345346
185.	0.0011486235591222935
185.10000000000002	0.001146673616561932
185.20000000000002	0.0011447281317644566
185.3	0.0011427870918750923
185.4	0.0011408504840839096
185.5	0.00113891829562564
185.60000000000002	0.001136990513779495
185.70000000000002	0.0011350671258689839
185.8	0.0011331481192617303
185.9	0.001131233481369293
186.	0.001129323199646988
186.10000000000002	0.0011274172615937054
186.20000000000002	0.0011255156547517375
186.3	0.0011236183667065966
186.4	0.0011217253850868433
186.5	0.0011198366975639052
186.60000000000002	0.001117952291851909
186.70000000000002	0.0011160721557075017
186.8	0.0011141962769296812
186.9	0.001112324643359622
187.	0.0011104572428805044
187.10000000000002	0.0011085940634173433
187.20000000000002	0.0011067350929368214
187.3	0.0011048803194471163
187.4	0.0011030297309977354
187.5	0.001101183315679346
187.60000000000002	0.001099341061623612
187.70000000000002	0.001097502957003026
187.8	0.001095668990030743
187.9	0.0010938391489604187
188.	0.0010920134220860462
188.10000000000002	0.0010901917977417888
188.20000000000002	0.0010883742643018246
188.3	0.00108656081018018
188.4	0.0010847514238305723
188.5	0.001082946093746249
188.60000000000002	0.0010811448084598267
188.70000000000002	0.0010793475565431365
188.8	0.0010775543266070646
188.9	0.001075765107301395
189.	0.0010739798873146548
189.10000000000002	0.0010721986553739566
189.20000000000002	0.0010704214002448488
189.3	0.0010686481107311538
189.4	0.0010668787756748224
189.5	0.0010651133839557762
189.60000000000002	0.0010633519244917582
189.70000000000002	0.001061594386238183
189.8	0.001059840758187982
189.9	0.0010580910293714562
190.	0.001056345188856129
190.10000000000002	0.0010546032257465951
190.20000000000002	0.001052865129184373
190.3	0.0010511308883477605
190.4	0.0010494004924516847
190.5	0.001047673930747558
190.60000000000002	0.0010459511925231357
190.70000000000002	0.0010442322671023669
190.8	0.0010425171438452543
190.9	0.0010408058121477099
191.	0.0010390982614414126
191.10000000000002	0.0010373944811936657
191.20000000000002	0.0010356944609072596
191.3	0.0010339981901203268
191.4	0.0010323056584062022
191.5	0.001030616855373289
191.60000000000002	0.0010289317706649137
191.70000000000002	0.0010272503939591942
191.8	0.0010255727149688974
191.9	0.0010238987234413052
192.	0.0010222284091580794
192.10000000000002	0.0010205617619351228
192.20000000000002	0.0010188987716224492
192.3	0.0010172394281040432
192.4	0.0010155837212977327
192.5	0.0010139316411550527
192.60000000000002	0.0010122831776611116
192.70000000000002	0.0010106383208344646
192.8	0.001008997060726977
192.9	0.001007359387423694
193.	0.0010057252910427165
193.10000000000002	0.0010040947617350646
193.20000000000002	0.0010024677896845532
193.3	0.0010008443651076614
193.4	0.0009992244782534075
193.5	0.0009976081194032179
193.60000000000002	0.000995995278870804
193.70000000000002	0.0009943859470020351
193.8	0.0009927801141748132
193.9	0.0009911777707989477
194.	0.0009895789073160305
194.10000000000002	0.0009879835141993138
194.20000000000002	0.0009863915819535872
194.3	0.0009848031011150521
194.4	0.0009832180622512034
194.5	0.0009816364559607049
194.60000000000002	0.000980058272873271
194.70000000000002	0.0009784835036495436
194.8	0.0009769121389809747
194.9	0.000975344169589704
195.	0.0009737795862284446
195.10000000000002	0.0009722183796803589
195.20000000000002	0.0009706605407589469
195.3	0.0009691060603079238
195.4	0.0009675549292011055
195.5	0.0009660071383422936
195.60000000000002	0.0009644626786651566
195.70000000000002	0.0009629215411331181
195.8	0.0009613837167392395
195.9	0.000959849196506107
196.	0.0009583179714857179
196.10000000000002	0.000956790032759367
196.20000000000002	0.0009552653714375338
196.3	0.0009537439786597725
196.4	0.0009522258455945967
196.5	0.0009507109634393696
196.60000000000002	0.0009491993234201962
196.70000000000002	0.0009476909167918096
196.8	0.0009461857348374613
196.9	0.0009446837688688147
197.	0.0009431850102258334
197.10000000000002	0.0009416894502766746
197.20000000000002	0.0009401970804175815
197.3	0.000938707892072775
197.4	0.0009372218766943469
197.5	0.0009357390257621541
197.60000000000002	0.0009342593307837129
197.70000000000002	0.0009327827832940933
197.8	0.0009313093748558134
197.9	0.0009298390970587347
198.	0.0009283719415199592
198.10000000000002	0.0009269078998837249
198.20000000000002	0.0009254469638213043
198.3	0.0009239891250308983
198.4	0.0009225343752375382
198.5	0.0009210827061929794
198.60000000000002	0.0009196341096756032
198.70000000000002	0.0009181885774903162
198.8	0.0009167461014684471
198.9	0.0009153066734676487
199.	0.0009138702853717965
199.10000000000002	0.0009124369290908928
199.20000000000002	0.0009110065965609649
199.3	0.0009095792797439668
199.4	0.0009081549706276842
199.5	0.0009067336612256333
199.60000000000002	0.0009053153435769659
199.70000000000002	0.0009039000097463738
199.8	0.000902487651823989
199.9	0.0009010782619252926
200.	0.0008996718321910144
200.10000000000002	0.0008982683547870417
200.20000000000002	0.0008968678219043239
200.3	0.0008954702257587767
200.4	0.0008940755585911911
200.5	0.0008926838126671377
200.60000000000002	0.0008912949802768744
200.70000000000002	0.0008899090537352547
200.8	0.0008885260253816348
200.9	0.0008871458875797821
201.	0.0008857686327177835
201.10000000000002	0.0008843942532079548
201.20000000000002	0.0008830227414867503
201.3	0.0008816540900146727
201.4	0.000880288291276183
201.5	0.0008789253377796094
201.60000000000002	0.0008775652220570622
201.70000000000002	0.0008762079366643428
201.8	0.0008748534741808545
201.9	0.0008735018272095165
202.	0.0008721529883766752
202.10000000000002	0.0008708069503320177
202.20000000000002	0.0008694637057484859
202.3	0.000868123247322187
202.4	0.0008667855677723124
202.5	0.0008654506598410461
202.60000000000002	0.0008641185162934847
202.70000000000002	0.0008627891299175501
202.8	0.0008614624935239047
202.9	0.0008601385999458679
203.	0.0008588174420393318
203.10000000000002	0.0008574990126826781
203.20000000000002	0.0008561833047766958
203.3	0.0008548703112444955
203.4	0.0008535600250314311
203.5	0.0008522524391050144
203.60000000000002	0.000850947546454834
203.70000000000002	0.0008496453400924758
203.8	0.0008483458130514408
203.9	0.0008470489583870627
204.	0.0008457547691764302
204.10000000000002	0.0008444632385183052
204.20000000000002	0.0008431743595330459
204.3	0.0008418881253625228
204.4	0.0008406045291700433
204.5	0.0008393235641402727
204.60000000000002	0.0008380452234791536
204.70000000000002	0.0008367695004138321
204.8	0.0008354963881925744
204.9	0.0008342258800846955
205.	0.0008329579693804777
205.10000000000002	0.0008316926493910947
205.20000000000002	0.0008304299134485382
205.3	0.0008291697549055383
205.4	0.000827912167135489
205.5	0.000826657143532373
205.60000000000002	0.0008254046775106869
205.70000000000002	0.0008241547625053655
205.8	0.0008229073919717083
205.9	0.0008216625593853049
206.	0.0008204202582419605
206.10000000000002	0.0008191804820576233
206.20000000000002	0.0008179432243683113
206.3	0.0008167084787300387
206.4	0.0008154762387187433
206.5	0.0008142464979302146
206.60000000000002	0.0008130192499800218
206.70000000000002	0.0008117944885034425
206.8	0.0008105722071553897
206.9	0.0008093523996103431
207.	0.0008081350595622745
207.10000000000002	0.0008069201807245812
207.20000000000002	0.0008057077568300148
207.3	0.0008044977816306096
207.4	0.0008032902488976143
207.5	0.0008020851524214221
207.60000000000002	0.0008008824860115018
207.70000000000002	0.00079968224349633
207.8	0.0007984844187233203
207.9	0.0007972890055587574
208.	0.0007960959978877279
208.10000000000002	0.0007949053896140522
208.20000000000002	0.0007937171746602191
208.3	0.0007925313469673167
208.4	0.0007913479004949664
208.5	0.000790166829221257
208.60000000000002	0.0007889881271426753
208.70000000000002	0.0007878117882740453
208.8	0.0007866378066484594
208.9	0.0007854661763172105
209.	0.0007842968913497325
209.10000000000002	0.0007831299458335302
209.20000000000002	0.0007819653338741195
209.3	0.0007808030495949579
209.4	0.0007796430871373832
209.5	0.0007784854406605507
209.60000000000002	0.0007773301043413657
209.70000000000002	0.0007761770723744263
209.8	0.0007750263389719521
209.9	0.0007738778983637304
210.	0.0007727317447970459
210.10000000000002	0.0007715878725366226
210.20000000000002	0.0007704462758645625
210.3	0.0007693069490802798
210.4	0.0007681698865004427
210.5	0.0007670350824589109
210.60000000000002	0.0007659025313066747
210.70000000000002	0.000764772227411795
210.8	0.0007636441651593407
210.9	0.0007625183389513307
211.	0.0007613947432066727
211.10000000000002	0.0007602733723611031
211.20000000000002	0.0007591542208671284
211.3	0.0007580372831939652
211.4	0.000756922553827481
211.5	0.0007558100272701359
211.60000000000002	0.0007546996980409227
211.70000000000002	0.0007535915606753127
211.8	0.0007524856097251907
211.9	0.0007513818397588028
212.	0.0007502802453606964
212.10000000000002	0.0007491808211316628
212.20000000000002	0.0007480835616886815
212.3	0.0007469884616648605
212.4	0.0007458955157093826
212.5	0.0007448047184874469
212.60000000000002	0.0007437160646802123
212.70000000000002	0.0007426295489847439
212.8	0.0007415451661139542
212.9	0.0007404629107965494
213.	0.0007393827777769737
213.10000000000002	0.000738304761815353
213.20000000000002	0.0007372288576874425
213.3	0.000736155060184568
213.4	0.0007350833641135766
213.5	0.0007340137642967777
213.60000000000002	0.0007329462555718909
213.70000000000002	0.0007318808327919934
213.8	0.0007308174908254644
213.9	0.0007297562245559321
214.	0.0007286970288822216
214.10000000000002	0.0007276398987183008
214.20000000000002	0.0007265848289932283
214.3	0.0007255318146511002
214.4	0.0007244808506509981
214.5	0.0007234319319669379
214.60000000000002	0.0007223850535878155
214.70000000000002	0.0007213402105173586
214.8	0.000720297397774071
214.9	0.0007192566103911849
215.	0.0007182178434166077
215.10000000000002	0.000717181091912872
215.20000000000002	0.0007161463509570853
215.3	0.0007151136156408781
215.4	0.0007140828810703545
215.5	0.0007130541423660424
215.60000000000002	0.000712027394662843
215.70000000000002	0.0007110026331099814
215.8	0.000709979852870957
215.9	0.0007089590491234944
216.	0.000707940217059494
216.10000000000002	0.0007069233518849833
216.20000000000002	0.0007059084488200683
216.3	0.0007048955030988849
216.4	0.0007038845099695503
216.5	0.0007028754646941145
216.60000000000002	0.0007018683625485139
216.70000000000002	0.0007008631988225223
216.8	0.0006998599688197035
216.9	0.0006988586678573637
217.	0.000697859291266505
217.10000000000002	0.0006968618343917776
217.20000000000002	0.0006958662925914342
217.3	0.0006948726612372823
217.4	0.0006938809357146371
217.5	0.0006928911114222768
217.60000000000002	0.0006919031837723962
217.70000000000002	0.0006909171481905603
217.8	0.0006899330001156588
217.9	0.0006889507349998591
218.	0.0006879703483085639
218.10000000000002	0.0006869918355203643
218.20000000000002	0.0006860151921269941
218.3	0.0006850404136332864
218.4	0.0006840674955571283
218.5	0.0006830964334294164
218.60000000000002	0.0006821272227940114
218.70000000000002	0.0006811598592076964
218.8	0.0006801943382401325
218.9	0.0006792306554738109
219.	0.0006782688065040158
219.10000000000002	0.0006773087869387757
219.20000000000002	0.0006763505923988229
219.3	0.0006753942185175493
219.4	0.0006744396609409638
219.5	0.0006734869153276488
219.60000000000002	0.0006725359773487192
219.70000000000002	0.000671586842687779
219.8	0.0006706395070408778
219.9	0.0006696939661164711
220.	0.0006687502156353768
220.10000000000002	0.0006678082513307325
220.20000000000002	0.0006668680689479571
220.3	0.0006659296642447065
220.4	0.000664993032990833
220.5	0.000664058170968344
220.60000000000002	0.0006631250739713618
220.70000000000002	0.0006621937378060824
220.8	0.0006612641582907346
220.9	0.0006603363312555388
221.	0.0006594102525426691
221.10000000000002	0.0006584859180062093
221.20000000000002	0.0006575633235121181
221.3	0.0006566424649381827
221.4	0.000655723338173985
221.5	0.0006548059391208575
221.60000000000002	0.0006538902636918474
221.70000000000002	0.0006529763078116761
221.8	0.0006520640674166986
221.9	0.0006511535384548659
222.	0.0006502447168856866
222.10000000000002	0.0006493375986801867
222.20000000000002	0.0006484321798208731
222.3	0.0006475284563016938
222.4	0.0006466264241279997
222.5	0.0006457260793165061
222.60000000000002	0.0006448274178952563
222.70000000000002	0.0006439304359035839
222.8	0.0006430351293920725
222.9	0.00064214149442252
223.	0.0006412495270679029
223.10000000000002	0.0006403592234123351
223.20000000000002	0.0006394705795510353
223.3	0.0006385835915902856
223.4	0.0006376982556473983
223.5	0.0006368145678506783
223.60000000000002	0.0006359325243393843
223.70000000000002	0.0006350521212636966
223.8	0.0006341733547846768
223.9	0.0006332962210742345
224.	0.0006324207163150891
224.10000000000002	0.0006315468367007372
224.20000000000002	0.0006306745784354133
224.3	0.0006298039377340561
224.4	0.0006289349108222732
224.5	0.0006280674939363053
224.60000000000002	0.0006272016833229913
224.70000000000002	0.0006263374752397334
224.8	0.0006254748659544618
224.9	0.0006246138517456
225.	0.0006237544289020308
225.10000000000002	0.0006228965937230609
225.20000000000002	0.0006220403425183878
225.3	0.000621185671608064
225.4	0.0006203325773224642
225.5	0.0006194810560022509
225.60000000000002	0.0006186311039983396
225.70000000000002	0.000617782717671868
225.8	0.0006169358933941582
225.9	0.0006160906275466874
226.	0.0006152469165210511
226.10000000000002	0.0006144047567189316
226.20000000000002	0.000613564144552067
226.3	0.0006127250764422127
226.4	0.0006118875488211144
226.5	0.0006110515581304715
226.60000000000002	0.0006102171008219063
226.70000000000002	0.0006093841733569319
226.8	0.0006085527722069183
226.9	0.0006077228938530606
227.	0.0006068945347863482
227.10000000000002	0.0006060676915075312
227.20000000000002	0.0006052423605270905
227.3	0.0006044185383652032
227.4	0.0006035962215517138
227.5	0.0006027754066261008
227.60000000000002	0.0006019560901374465
227.70000000000002	0.0006011382686444051
227.8	0.0006003219387151719
227.9	0.0005995070969274517
228.	0.0005986937398684288
228.10000000000002	0.000597881864134735
228.20000000000002	0.0005970714663324205
228.3	0.0005962625430769215
228.4	0.0005954550909930317
228.5	0.0005946491067148701
228.60000000000002	0.0005938445868858516
228.70000000000002	0.0005930415281586576
228.8	0.000592239927195205
228.9	0.000591439780666616
229.	0.0005906410852531895
229.10000000000002	0.0005898438376443708
229.20000000000002	0.0005890480345387221
229.3	0.0005882536726438932
229.4	0.0005874607486765915
229.5	0.0005866692593625532
229.60000000000002	0.0005858792014365146
229.70000000000002	0.0005850905716421829
229.8	0.0005843033667322073
229.9	0.0005835175834681491
230.	0.0005827332186204546
230.10000000000002	0.0005819502689684252
230.20000000000002	0.0005811687313001905
230.3	0.0005803886024126784
230.4	0.0005796098791115868
230.5	0.0005788325582113577
230.60000000000002	0.0005780566365351452
230.70000000000002	0.000577282110914792
230.8	0.000576508978190798
230.9	0.0005757372352122941
231.	0.0005749668788370146
231.10000000000002	0.0005741979059312687
231.20000000000002	0.0005734303133699148
231.3	0.0005726640980363316
231.4	0.0005718992568223909
231.5	0.0005711357866284312
231.60000000000002	0.0005703736843632298
231.70000000000002	0.0005696129469439779
231.8	0.000568853571296251
231.9	0.0005680955543539829
232.	0.0005673388930594407
232.10000000000002	0.0005665835843631962
232.20000000000002	0.0005658296252241013
232.3	0.0005650770126092591
232.4	0.0005643257434940009
232.5	0.0005635758148618566
232.60000000000002	0.0005628272237045313
232.70000000000002	0.0005620799670218785
232.8	0.0005613340418218735
232.9	0.0005605894451205886
233.	0.0005598461739421662
233.10000000000002	0.0005591042253187952
233.20000000000002	0.0005583635962906829
233.3	0.0005576242839060318
233.4	0.0005568862852210134
233.5	0.0005561495972997424
233.60000000000002	0.0005554142172142525
233.70000000000002	0.0005546801420444712
233.8	0.0005539473688781944
233.9	0.0005532158948110615
234.	0.0005524857169465312
234.10000000000002	0.0005517568323958563
234.20000000000002	0.0005510292382780596
234.3	0.0005503029317199085
234.4	0.0005495779098558924
234.5	0.0005488541698281957
234.60000000000002	0.0005481317087866752
234.70000000000002	0.0005474105238888366
234.8	0.0005466906122998091
234.9	0.000545971971192322
235.	0.0005452545977466799
235.10000000000002	0.0005445384891507405
235.20000000000002	0.0005438236425998903
235.3	0.00054311005529702
235.4	0.000542397724452502
235.5	0.0005416866472841661
235.60000000000002	0.0005409768210172777
235.70000000000002	0.0005402682428845122
235.8	0.000539560910125934
235.9	0.0005388548199889719
236.	0.0005381499697283964
236.10000000000002	0.0005374463566062968
236.20000000000002	0.0005367439778920591
236.3	0.0005360428308623418
236.4	0.0005353429128010539
236.5	0.000534644220999332
236.60000000000002	0.0005339467527555187
236.70000000000002	0.000533250505375139
236.8	0.0005325554761708782
236.9	0.00053186166246256
237.	0.0005311690615771228
237.10000000000002	0.0005304776708486003
237.20000000000002	0.0005297874876180969
237.3	0.0005290985092337669
237.4	0.000528410733050792
237.5	0.0005277241564313603
237.60000000000002	0.0005270387767446426
237.70000000000002	0.0005263545913667745
237.8	0.0005256715976808301
237.9	0.0005249897930768038
238.	0.000524309174951588
238.10000000000002	0.0005236297407089512
238.20000000000002	0.0005229514877595167
238.3	0.0005222744135207425
238.4	0.0005215985154168987
238.5	0.0005209237908790476
238.60000000000002	0.0005202502373450212
238.70000000000002	0.0005195778522594029
238.8	0.0005189066330735035
238.9	0.0005182365772453427
239.	0.0005175676822396273
239.10000000000002	0.0005168999455277307
239.20000000000002	0.0005162333645876739
239.3	0.0005155679369041016
239.4	0.0005149036599682655
239.5	0.0005142405312780012
239.60000000000002	0.0005135785483377093
239.70000000000002	0.0005129177086583359
239.8	0.0005122580097573501
239.9	0.0005115994491587265
240.	0.0005109420243929234
240.10000000000002	0.0005102857329968632
240.20000000000002	0.000509630572513914
240.3	0.0005089765404938684
240.4	0.0005083236344929231
240.5	0.0005076718520736623
240.60000000000002	0.0005070211908050342
240.70000000000002	0.0005063716482623344
240.8	0.0005057232220271855
240.9	0.0005050759096875176
241.	0.0005044297088375493
241.10000000000002	0.0005037846170777683
241.20000000000002	0.0005031406320149124
241.3	0.00050249775126195
241.4	0.0005018559724380616
241.5	0.0005012152931686204
241.60000000000002	0.0005005757110851739
241.70000000000002	0.0004999372238254255
241.8	0.0004992998290332133
241.9	0.0004986635243584952
242.	0.0004980283074573264
242.10000000000002	0.0004973941759918442
242.20000000000002	0.0004967611276302468
242.3	0.0004961291600467775
242.4	0.0004954982709217031
242.5	0.0004948684579412987
242.60000000000002	0.0004942397187978275
242.70000000000002	0.0004936120511895242
242.8	0.0004929854528205749
242.9	0.0004923599214011004
243.	0.0004917354546471385
243.10000000000002	0.0004911120502806248
243.20000000000002	0.0004904897060293757
243.3	0.0004898684196270708
243.4	0.0004892481888132348
243.5	0.0004886290113332195
243.60000000000002	0.00048801088493818635
243.70000000000002	0.0004873938073850901
243.8	0.00048677777643665936
243.9	0.00048616278986138
244.	0.00048554884543347863
244.10000000000002	0.00048493594093290346
244.20000000000002	0.00048432407414530964
244.3	0.00048371324286203905
244.4	0.00048310344488010555
244.5	0.00048249467800217657
244.60000000000002	0.00048188694003655673
244.70000000000002	0.0004812802287971709
244.8	0.0004806745421035471
244.9	0.0004800698777807993
245.	0.00047946623365961125
245.10000000000002	0.0004788636075762192
245.20000000000002	0.0004782619973723961
245.3	0.00047766140089543457
245.4	0.0004770618159981292
245.5	0.000476463240538762
245.60000000000002	0.00047586567238108496
245.70000000000002	0.00047526910939430357
245.8	0.0004746735494530607
245.9	0.00047407899043742024
246.	0.00047348543023285135
246.10000000000002	0.00047289286673021124
246.20000000000002	0.00047230129782573055
246.3	0.0004717107214209963
246.4	0.00047112113542293547
246.5	0.00047053253774380057
246.60000000000002	0.0004699449263011522
246.70000000000002	0.00046935829901784473
246.8	0.0004687726538220089
246.9	0.00046818798864703756
247.	0.0004676043014315686
247.10000000000002	0.0004670215901194708
247.20000000000002	0.0004664398526598274
247.3	0.00046585908700692093
247.4	0.00046527929112021753
247.5	0.000464700462964351
247.60000000000002	0.0004641226005091085
247.70000000000002	0.0004635457017294157
247.8	0.0004629697646053194
247.9	0.00046239478712197424
248.	0.0004618207672696267
248.10000000000002	0.0004612477030436006
248.20000000000002	0.00046067559244428126
248.3	0.0004601044334771014
248.4	0.0004595342241525255
248.5	0.0004589649624860353
248.60000000000002	0.0004583966464981146
248.70000000000002	0.0004578292742142355
248.8	0.00045726284366484225
248.9	0.0004566973528853372
249.	0.00045613279991606637
249.10000000000002	0.00045556918280230467
249.20000000000002	0.0004550064995942417
249.3	0.0004544447483469668
249.4	0.00045388392712045417
249.5	0.00045332403397955003
249.60000000000002	0.0004527650669939566
249.70000000000002	0.000452207024238219
249.8	0.00045164990379171067
249.9	0.00045109370373861866
250.	0.00045053842216792985
250.10000000000002	0.00044998405717341716
250.20000000000002	0.0004494306068536257
250.3	0.0004488780693118571
250.4	0.0004483264426561579
250.5	0.00044777572499930406
250.60000000000002	0.0004472259144587873
250.70000000000002	0.00044667700915680214
250.8	0.00044612900722023095
250.9	0.00044558190678063134
251.	0.0004450357059742214
251.10000000000002	0.0004444904029418665
251.20000000000002	0.00044394599582906684
251.3	0.00044340248278594194
251.4	0.00044285986196721834
251.5	0.00044231813153221635
251.60000000000002	0.00044177728964483494
251.70000000000002	0.0004412373344735417
251.8	0.0004406982641913556
251.9	0.0004401600769758364
252.	0.00043962277100907074
252.10000000000002	0.0004390863444776586
252.20000000000002	0.00043855079557270034
252.3	0.00043801612248978416
252.4	0.0004374823234289718
252.5	0.00043694939659478724
252.60000000000002	0.0004364173401962016
252.70000000000002	0.00043588615244662295
252.8	0.0004353558315638809
252.9	0.0004348263757702146
253.	0.0004342977832922608
253.10000000000002	0.00043377005236103997
253.20000000000002	0.0004332431812119445
253.3	0.00043271716808472544
253.4	0.00043219201122347937
253.5	0.00043166770887663756
253.60000000000002	0.0004311442592969516
253.70000000000002	0.00043062166074148226
253.8	0.000430099911471586
253.9	0.00042957900975290283
254.	0.0004290589538553449
254.10000000000002	0.0004285397420530824
254.20000000000002	0.00042802137262453333
254.3	0.0004275038438523491
254.4	0.0004269871540234042
254.5	0.00042647130142878286
254.60000000000002	0.0004259562843637671
254.70000000000002	0.0004254421011278254
254.8	0.00042492875002459997
254.9	0.00042441622936189444
255.	0.00042390453745166267
255.10000000000002	0.00042339367260999606
255.20000000000002	0.00042288363315711277
255.3	0.0004223744174173447
255.4	0.00042186602371912623
255.5	0.0004213584503949824
255.60000000000002	0.0004208516957815168
255.70000000000002	0.00042034575821940103
255.8	0.0004198406360533615
255.9	0.0004193363276321686
256.	0.0004188328313086258
256.1	0.00041833014543955635
256.20000000000005	0.00041782826838579343
256.3	0.00041732719851216807
256.4	0.0004168269341874977
256.5	0.0004163274737845742
256.6	0.0004158288156801537
256.70000000000005	0.0004153309582549445
256.8	0.00041483389989359674
256.9	0.00041433763898468903
257.	0.0004138421739207192
257.1	0.0004133475030980925
257.20000000000005	0.00041285362491711103
257.3	0.00041236053778196167
257.4	0.00041186824010070545
257.5	0.0004113767302852662
257.6	0.0004108860067514208
257.70000000000005	0.0004103960679187864
257.8	0.00040990691221081164
257.9	0.0004094185380547635
258.	0.00040893094388171747
258.1	0.0004084441281265475
258.20000000000005	0.0004079580892279144
258.3	0.0004074728256282552
258.4	0.0004069883357737722
258.5	0.0004065046181144224
258.6	0.0004060216711039078
258.70000000000005	0.00040553949319966346
258.8	0.00040505808286284795
258.9	0.00040457743855833194
259.	0.00040409755875468826
259.1	0.0004036184419241815
259.20000000000005	0.0004031400865427573
259.3	0.0004026624910900326
259.4	0.00040218565404928397
259.5	0.0004017095739074377
259.6	0.00040123424915506105
259.70000000000005	0.0004007596782863503
259.8	0.0004002858597991211
259.9	0.00039981279219479803
260.	0.0003993404739784042
260.1	0.0003988689036585523
260.20000000000005	0.0003983980797474334
260.3	0.0003979280007608077
260.4	0.0003974586652179934
260.5	0.0003969900716418568
260.6	0.00039652221855880404
260.70000000000005	0.0003960551044987698
260.8	0.00039558872799520697
260.9	0.0003951230875850777
261.	0.00039465818180884303
261.1	0.00039419400921045385
261.20000000000005	0.00039373056833734004
261.3	0.00039326785774040175
261.4	0.00039280587597399856
261.5	0.00039234462159594093
261.6	0.00039188409316747987
261.70000000000005	0.0003914242892532977
261.8	0.00039096520842149833
261.9	0.0003905068492435971
262.	0.0003900492102945119
262.1	0.0003895922901525542
262.20000000000005	0.00038913608739941843
262.3	0.0003886806006201735
262.4	0.00038822582840325264
262.5	0.0003877717693404437
262.6	0.0003873184220268817
262.70000000000005	0.0003868657850610375
262.8	0.00038641385704470967
262.9	0.0003859626365830145
263.	0.00038551212228437703
263.1	0.00038506231276052216
263.2	0.00038461320662646584
263.3	0.0003841648025005041
263.40000000000003	0.00038371709900420593
263.5	0.00038327009476240377
263.6	0.0003828237884031834
263.7	0.00038237817855787633
263.8	0.0003819332638610494
263.90000000000003	0.00038148904295049726
264.	0.0003810455144672327
264.1	0.000380602677055477
264.2	0.0003801605293626529
264.3	0.00037971907003937365
264.40000000000003	0.00037927829773943584
264.5	0.00037883821111981005
264.6	0.0003783988088406313
264.7	0.0003779600895651918
264.8	0.0003775220519599308
264.90000000000003	0.000377084694694427
265.	0.0003766480164413896
265.1	0.00037621201587664853
265.2	0.00037577669167914807
265.3	0.00037534204253093616
265.40000000000003	0.00037490806711715707
265.5	0.0003744747641260428
265.6	0.0003740421322489036
265.7	0.0003736101701801209
265.8	0.0003731788766171377
265.90000000000003	0.0003727482502604508
266.	0.0003723182898136029
266.1	0.00037188899398317237
266.2	0.00037146036147876727
266.3	0.00037103239101301486
266.40000000000003	0.00037060508130155537
266.5	0.00037017843106303247
266.6	0.00036975243901908475
266.7	0.00036932710389433874
266.8	0.00036890242441639954
266.90000000000003	0.00036847839931584346
267.	0.0003680550273262101
267.1	0.0003676323071839927
267.2	0.0003672102376286324
267.3	0.0003667888174025072
267.40000000000003	0.00036636804525092773
267.5	0.000365947919922126
267.6	0.0003655284401672482
267.7	0.0003651096047403484
267.8	0.0003646914123983778
267.90000000000003	0.0003642738619011803
268.	0.0003638569520114815
268.1	0.0003634406814948815
268.2	0.0003630250491198494
268.3	0.00036261005365771203
268.40000000000003	0.00036219569388264904
268.5	0.0003617819685716836
268.6	0.0003613688765046749
268.7	0.00036095641646431107
268.8	0.00036054458723609994
268.90000000000003	0.00036013338760836403
269.	0.00035972281637223016
269.1	0.0003593128723216235
269.2	0.0003589035542532597
269.3	0.00035849486096663663
269.40000000000003	0.00035808679126402763
269.5	0.00035767934395047397
269.6	0.0003572725178337767
269.7	0.00035686631172449014
269.8	0.0003564607244359128
269.90000000000003	0.0003560557547840821
270.	0.0003556514015877659
270.1	0.0003552476636684544
270.2	0.0003548445398503538
270.3	0.0003544420289603791
270.40000000000003	0.000354040129828146
270.5	0.0003536388412859641
270.6	0.000353238162168829
270.7	0.0003528380913144169
270.8	0.0003524386275630745
270.90000000000003	0.0003520397697578144
271.	0.00035164151674430693
271.1	0.00035124386737087196
271.2	0.00035084682048847396
271.3	0.000350450374950713
271.40000000000003	0.0003500545296138183
271.5	0.0003496592833366421
271.6	0.00034926463498065064
271.7	0.0003488705834099191
271.8	0.00034847712749112305
271.90000000000003	0.00034808426609353265
272.	0.00034769199808900545
272.1	0.0003473003223519782
272.2	0.00034690923775946246
272.3	0.00034651874319103446
272.40000000000003	0.0003461288375288314
272.5	0.00034573951965754303
272.6	0.0003453507884644037
272.7	0.0003449626428391884
272.8	0.0003445750816742033
272.90000000000003	0.0003441881038642808
273.	0.00034380170830677166
273.1	0.0003434158939015386
273.2	0.0003430306595509501
273.3	0.00034264600415987297
273.40000000000003	0.00034226192663566556
273.5	0.0003418784258881727
273.6	0.0003414955008297169
273.7	0.0003411131503750935
273.8	0.00034073137344156255
273.90000000000003	0.0003403501689488439
274.	0.0003399695358191097
274.1	0.00033958947297697714
274.2	0.0003392099793495042
274.3	0.00033883105386618066
274.40000000000003	0.0003384526954589231
274.5	0.0003380749030620685
274.6	0.0003376976756123667
274.7	0.00033732101204897577
274.8	0.0003369449113134533
274.90000000000003	0.00033656937234975226
275.	0.00033619439410421346
275.1	0.00033581997552555937
275.2	0.000335446115564888
275.3	0.0003350728131756665
275.40000000000003	0.0003347000673137253
275.5	0.0003343278769372509
275.6	0.0003339562410067802
275.7	0.00033358515848519525
275.8	0.0003332146283377148
275.90000000000003	0.00033284464953189046
276.	0.00033247522103759913
276.1	0.0003321063418270376
276.2	0.00033173801087471534
276.3	0.0003313702271574497
276.40000000000003	0.00033100298965435933
276.5	0.00033063629734685844
276.6	0.00033027014921864907
276.7	0.0003299045442557177
276.8	0.00032953948144632747
276.90000000000003	0.0003291749597810125
277.	0.0003288109782525721
277.1	0.00032844753585606503
277.2	0.0003280846315888032
277.3	0.0003277222644503454
277.40000000000003	0.0003273604334424926
277.5	0.0003269991375692813
277.6	0.00032663837583697685
277.7	0.0003262781472540693
277.8	0.000325918450831266
277.90000000000003	0.0003255592855814875
278.	0.0003252006505198601
278.1	0.00032484254466371045
278.2	0.0003244849670325609
278.3	0.00032412791664812205
278.40000000000003	0.0003237713925342887
278.5	0.00032341539371713286
278.6	0.00032305991922489883
278.7	0.0003227049680879969
278.8	0.0003223505393389985
278.90000000000003	0.00032199663201262936
279.	0.00032164324514576576
279.1	0.00032129037777742675
279.2	0.00032093802894877013
279.3	0.0003205861977030861
279.40000000000003	0.0003202348830857923
279.5	0.0003198840841444275
279.6	0.00031953379992864653
279.7	0.0003191840294902154
279.8	0.00031883477188300434
279.90000000000003	0.00031848602616298333
280.	0.000318137791388217
280.1	0.0003177900666188578
280.2	0.00031744285091714244
280.3	0.0003170961433473838
280.40000000000003	0.00031674994297596935
280.5	0.0003164042488713521
280.6	0.0003160590601040471
280.7	0.0003157143757466262
280.8	0.00031537019487371155
280.90000000000003	0.00031502651656197135
281.	0.00031468333989011454
281.1	0.0003143406639388848
281.2	0.00031399848779105604
281.3	0.0003136568105314258
281.40000000000003	0.0003133156312468124
281.5	0.0003129749490260477
281.6	0.0003126347629599721
281.7	0.0003122950721414306
281.8	0.00031195587566526593
281.90000000000003	0.000311617172628315
282.	0.0003112789621294028
282.1	0.0003109412432693371
282.2	0.00031060401515090464
282.3	0.0003102672768788639
282.40000000000003	0.00030993102755994223
282.5	0.0003095952663028296
282.6	0.00030925999221817344
282.7	0.0003089252044185742
282.8	0.0003085909020185797
282.90000000000003	0.000308257084134681
283.	0.0003079237498853068
283.1	0.0003075908983908176
283.2	0.00030725852877350293
283.3	0.0003069266401575745
283.40000000000003	0.0003065952316691619
283.5	0.0003062643024363078
283.6	0.00030593385158896323
283.7	0.0003056038782589819
283.8	0.0003052743815801157
283.90000000000003	0.0003049453606880107
284.	0.0003046168147202014
284.1	0.00030428874281610523
284.2	0.00030396114411701953
284.3	0.0003036340177661152
284.40000000000003	0.0003033073629084327
284.5	0.00030298117869087706
284.6	0.0003026554642622132
284.7	0.000302330218773061
284.8	0.0003020054413758903
284.90000000000003	0.0003016811312250173
285.	0.00030135728747659866
285.1	0.000301033909288627
285.2	0.00030071099582092695
285.3	0.00030038854623514973
285.40000000000003	0.00030006655969476887
285.5	0.0002997450353650755
285.6	0.0002994239724131734
285.7	0.0002991033700079752
285.8	0.0002987832273201965
285.90000000000003	0.0002984635435223529
286.	0.0002981443177887542
286.1	0.00029782554929549986
286.2	0.0002975072372204755
286.3	0.0002971893807433471
286.40000000000003	0.0002968719790455574
286.5	0.0002965550313103212
286.6	0.00029623853672262006
286.7	0.00029592249446919926
286.8	0.00029560690373856203
286.90000000000003	0.0002952917637209659
287.	0.00029497707360841795
287.1	0.0002946628325946702
287.2	0.00029434903987521593
287.3	0.0002940356946472841
287.40000000000003	0.00029372279610983604
287.5	0.0002934103434635609
287.6	0.00029309833591087045
287.7	0.00029278677265589577
287.8	0.000292475652904482
287.90000000000003	0.00029216497586418517
288.	0.0002918547407442667
288.1	0.00029154494675568966
288.2	0.0002912355931111148
288.3	0.0002909266790248952
288.40000000000003	0.000290618203713073
288.5	0.00029031016639337564
288.6	0.0002900025662852097
288.7	0.00028969540260965826
288.8	0.0002893886745894762
288.90000000000003	0.00028908238144908604
289.	0.00028877652241457403
289.1	0.00028847109671368507
289.2	0.00028816610357582
289.3	0.00028786154223202955
289.40000000000003	0.0002875574119150119
289.5	0.0002872537118591082
289.6	0.0002869504413002974
289.7	0.0002866475994761936
289.8	0.00028634518562604055
289.90000000000003	0.00028604319899070866
290.	0.00028574163881269084
290.1	0.0002854405043360974
290.2	0.0002851397948066537
290.3	0.000284839509471694
290.40000000000003	0.00028453964758015947
290.5	0.00028424020838259314
290.6	0.0002839411911311358
290.7	0.00028364259507952257
290.8	0.00028334441948307815
290.90000000000003	0.00028304666359871375
291.	0.00028274932668492293
291.1	0.0002824524080017767
291.2	0.00028215590681092087
291.3	0.00028185982237557115
291.40000000000003	0.0002815641539605102
291.5	0.00028126890083208286
291.6	0.00028097406225819255
291.7	0.00028067963750829766
291.8	0.0002803856258534073
291.90000000000003	0.0002800920265660776
292.	0.0002797988389204081
292.1	0.0002795060621920371
292.2	0.0002792136956581394
292.3	0.0002789217385974204
292.40000000000003	0.00027863019029011427
292.5	0.00027833905001797913
292.6	0.000278048317064293
292.7	0.00027775799071385113
292.8	0.0002774680702529608
292.90000000000003	0.00027717855496943905
293.	0.00027688944415260814
293.1	0.00027660073709329173
293.2	0.0002763124330838115
293.3	0.0002760245314179832
293.40000000000003	0.000275737031391113
293.5	0.00027544993229999446
293.6	0.00027516323344290366
293.7	0.00027487693411959636
293.8	0.00027459103363130393
293.90000000000003	0.0002743055312807304
294.	0.0002740204263720482
294.1	0.0002737357182108942
294.2	0.0002734514061043672
294.3	0.00027316748936102343
294.40000000000003	0.00027288396729087334
294.5	0.000272600839205378
294.6	0.0002723181044174448
294.7	0.0002720357622414259
294.8	0.00027175381199311187
294.90000000000003	0.0002714722529897302
295.	0.00027119108454994197
295.1	0.0002709103059938358
295.2	0.0002706299166429275
295.3	0.0002703499158201547
295.40000000000003	0.0002700703028498738
295.5	0.00026979107705785637
295.6	0.0002695122377712858
295.7	0.0002692337843187542
295.8	0.000268955716030258
295.90000000000003	0.00026867803223719556
296.	0.00026840073227236337
296.1	0.0002681238154699518
296.2	0.00026784728116554336
296.3	0.00026757112869610735
296.40000000000003	0.00026729535739999834
296.5	0.0002670199666169517
296.6	0.0002667449556880799
296.7	0.0002664703239558703
296.8	0.0002661960707641809
296.90000000000003	0.0002659221954582374
297.	0.0002656486973846297
297.1	0.0002653755758913083
297.2	0.0002651028303275818
297.3	0.00026483046004411264
297.40000000000003	0.00026455846439291456
297.5	0.0002642868427273489
297.6	0.00026401559440212104
297.7	0.000263744718773278
297.8	0.00026347421519820434
297.90000000000003	0.0002632040830356194
298.	0.0002629343216455741
298.1	0.0002626649303894466
298.2	0.0002623959086299412
298.3	0.0002621272557310828
298.40000000000003	0.00026185897105821546
298.5	0.00026159105397799854
298.6	0.00026132350385840275
298.7	0.0002610563200687084
298.8	0.00026078950197950125
298.90000000000003	0.00026052304896266994
299.	0.0002602569603914021
299.1	0.0002599912356401816
299.2	0.0002597258740847859
299.3	0.0002594608751022822
299.40000000000003	0.00025919623807102416
299.5	0.00025893196237064997
299.6	0.00025866804738207785
299.7	0.00025840449248750396
299.8	0.0002581412970703986
299.90000000000003	0.0002578784605155037
300.	0.0002576159822088295