7.	0.007579566672093567
7.1	0.007508482785718368
7.2	0.007438893063862349
7.3	0.007370768915109799
7.4	0.007304081521486643
7.5	0.007238801963052294
7.6	0.007174901325333187
7.7	0.0071123507916631065
7.8	0.007051121722250656
7.9	0.006991185721578825
8.	0.006932514695552074
8.1	0.00687508089963942
8.2	0.006818856979114981
8.3	0.006763816002368016
8.4	0.006709931488140248
8.5	0.006657177427447541
8.6	0.006605528300854356
8.7	0.00655495909169093
8.8	0.006505445295733995
8.9	0.006456962927810715
9.	0.00640948852573172
9.1	0.0063629991519112
9.2	0.006317472392990106
9.3	0.006272886357741114
9.4	0.006229219673501096
9.5	0.006186451481347606
9.6	0.0061445614302103
9.7	0.0061035296700851435
9.8	0.00606333684449917
9.9	0.006023964082355737
10.	0.005985392989274183
10.1	0.005947605638524
10.2	0.005910584561641081
10.3	0.005874312738802633
10.4	0.005838773589027627
10.5	0.005803950960261109
10.6	0.005769829119392901
10.7	0.005736392742254678
10.8	0.005703626903633323
10.9	0.00567151706733318
11.	0.005640049076315211
11.100000000000001	0.005609209142936949
11.2	0.0055789838393134564
11.3	0.005549360087816292
11.4	0.005520325151724745
11.5	0.005491866626041001
11.600000000000001	0.0054639724284787335
11.7	0.005436630790632819
11.8	0.005409830249335966
11.9	0.005383559638206762
12.	0.005357808079392264
12.100000000000001	0.005332564975507156
12.2	0.005307820001770486
12.3	0.0052835630983401995
12.4	0.005259784462844903
12.5	0.005236474543111724
12.600000000000001	0.0052136240300884535
12.7	0.005191223850957925
12.8	0.00516926516244192
12.9	0.005147739344291838
13.	0.0051266379929628385
13.100000000000001	0.005105952915468143
13.2	0.005085676123409868
13.3	0.00506579982718273
13.4	0.005046316430346702
13.5	0.005027218524164804
13.600000000000001	0.005008498882301979
13.7	0.004990150455681117
13.8	0.0049721663674921375
13.9	0.004954539908350198
14.	0.004937264531598944
14.100000000000001	0.004920333848754897
14.2	0.004903741625088996
14.3	0.0048874817753414386
14.4	0.0048715483595659775
14.5	0.004855935579099932
14.600000000000001	0.004840637772656159
14.7	0.004825649412533431
14.8	0.004810965100941595
14.9	0.004796579566438097
15.	0.004782487660472451
15.1	0.004768684354035333
15.200000000000001	0.004755164734409082
15.3	0.0047419240020164935
15.4	0.0047289574673647534
15.5	0.004716260548081656
15.6	0.0047038287660410875
15.700000000000001	0.004691657744575051
15.8	0.0046797432057694545
15.9	0.004668080967841028
16.	0.004656666942592769
16.1	0.004645497132945464
16.200000000000003	0.004634567630542828
16.3	0.0046238746134279075
16.4	0.004613414343788553
16.5	0.004603183165769631
16.6	0.004593177503349961
16.700000000000003	0.004583393858281856
16.8	0.004573828808091258
16.9	0.004564479004136587
17.	0.0045553411697243805
17.1	0.004546412098279921
17.200000000000003	0.004537688651571148
17.3	0.004529167757984086
17.4	0.004520846410848211
17.5	0.004512721666810136
17.6	0.004504790644254106
17.700000000000003	0.004497050521767806
17.8	0.00448949853665204
17.9	0.0044821319834729405
18.	0.0044749482126553
18.1	0.0044679446291158095
18.200000000000003	0.004461118690934878
18.3	0.004454467908065884
18.4	0.00444798984108064
18.5	0.004441682099949981
18.6	0.004435542342858366
18.700000000000003	0.004429568275051412
18.8	0.004423757647715401
18.9	0.004418108256887703
19.	0.004412617942397209
19.1	0.004407284586833829
19.200000000000003	0.004402106114546183
19.3	0.00439708049066658
19.4	0.004392205720162505
19.5	0.004387479846913774
19.6	0.004382900952814587
19.700000000000003	0.004378467156899716
19.8	0.004374176614494115
19.9	0.004370027516385232
20.	0.004366018088017351
20.1	0.004362146588707302
20.200000000000003	0.00435841131088089
20.3	0.004354810579329439
20.4	0.004351342750485864
20.5	0.00434800621171965
20.6	0.0043447993806502334
20.700000000000003	0.0043417207044782104
20.8	0.004338768659333851
20.9	0.0043359417496424395
21.	0.004333238507505895
21.1	0.004330657492100275
21.200000000000003	0.004328197289088637
21.3	0.004325856510048838
21.4	0.004323633791915844
21.5	0.0043215277964381415
21.6	0.0043195372096478096
21.700000000000003	0.0043176607413439195
21.8	0.004315897124588829
21.9	0.004314245115217028
22.	0.004312703491356201
22.1	0.004311271052960126
22.200000000000003	0.004309946621353082
22.3	0.004308729038785479
22.4	0.004307617168000351
22.5	0.004306609891810446
22.6	0.0043057061126855825
22.700000000000003	0.004304904752350029
22.8	0.004304204751389594
22.9	0.0043036050688681875
23.	0.004303104681953583
23.1	0.004302702585552105
23.2	0.0043023977919520555
23.3	0.004302189330475579
23.400000000000002	0.004302076247138799
23.5	0.004302057604319936
23.6	0.004302132480435251
23.7	0.004302299969622578
23.8	0.004302559181432239
23.900000000000002	0.004302909240525167
24.	0.004303349286378007
24.1	0.004303878472995057
24.2	0.004304495968626835
24.3	0.004305200955495112
24.400000000000002	0.004305992629524238
24.5	0.004306870200078592
24.6	0.004307832889705997
24.7	0.004308879933886985
24.8	0.00431001058078966
24.900000000000002	0.004311224091030151
25.	0.004312519737438383
25.1	0.004313896804829117
25.2	0.00431535458977809
25.3	0.004316892400403116
25.400000000000002	0.004318509556150058
25.5	0.004320205387583495
25.6	0.004321979236182028
25.7	0.004323830454138045
25.8	0.004325758404161875
25.900000000000002	0.004327762459290244
26.	0.004329842002698812
26.1	0.004331996427518865
26.200000000000003	0.004334225136657883
26.3	0.004336527542624022
26.400000000000002	0.004338903067354325
26.5	0.004341351142046651
26.6	0.00434387120699512
26.700000000000003	0.004346462711429121
26.8	0.00434912511335569
26.900000000000002	0.004351857879405229
27.	0.004354660484680465
27.1	0.004357532412608594
27.200000000000003	0.004360473154796497
27.3	0.004363482210889003
27.400000000000002	0.004366559088430058
27.5	0.004369703302726816
27.6	0.00437291437671651
27.700000000000003	0.004376191840836074
27.8	0.00437953523289444
27.900000000000002	0.004382944097947459
28.	0.00438641798817536
28.1	0.004389956462762716
28.200000000000003	0.004393559087780836
28.3	0.004397225436072551
28.400000000000002	0.004400955087139299
28.5	0.0044047476270305105
28.6	0.004408602648235185
28.700000000000003	0.0044125197495756534
28.8	0.004416498536103451
28.900000000000002	0.004420538618997258
29.	0.004424639615462861
29.1	0.004428801148635109
29.200000000000003	0.00443302284748176
29.3	0.004437304346709268
29.400000000000002	0.004441645286670383
29.5	0.004446045313273549
29.6	0.004450504077894086
29.700000000000003	0.004455021237287107
29.8	0.004459596453502071
29.900000000000002	0.004464229393799049
30.	0.004468919730566546
30.1	0.004473667141240949
30.200000000000003	0.004478471308227471
30.3	0.004483331918822638
30.400000000000002	0.0044882486651382425
30.5	0.004493221244026733
30.6	0.004498249357008016
30.700000000000003	0.004503332710197642
30.8	0.004508471014236368
30.900000000000002	0.004513663984220985
31.	0.004518911339636493
31.1	0.004524212804289525
31.200000000000003	0.004529568106242999
31.3	0.004534976977752001
31.400000000000002	0.004540439155200836
31.5	0.004545954379041254
31.6	0.0045515223937318255
31.700000000000003	0.004557142947678392
31.8	0.0045628157931756515
31.900000000000002	0.004568540686349773
32.	0.004574317387102081
32.1	0.004580145659053753
32.2	0.004586025269491524
32.3	0.004591955989314364
32.400000000000006	0.004597937592981119
32.5	0.004603969858459102
32.6	0.004610052567173593
32.7	0.004616185503958243
32.8	0.004622368457006379
32.900000000000006	0.004628601217823148
33.	0.004634883581178529
33.1	0.004641215345061178
33.2	0.004647596310633063
33.3	0.004654026282184931
33.400000000000006	0.004660505067092537
33.5	0.004667032475773625
33.6	0.004673608321645704
33.7	0.004680232421084512
33.8	0.004686904593383228
33.900000000000006	0.00469362466071239
34.	0.004700392448080486
34.1	0.004707207783295256
34.2	0.004714070496925627
34.3	0.004720980422264316
34.400000000000006	0.004727937395291089
34.5	0.0047349412546365995
34.6	0.004741991841546892
34.7	0.004749088999848497
34.8	0.004756232575914081
34.900000000000006	0.004763422418628722
35.	0.00477065837935673
35.1	0.004777940311909027
35.2	0.004785268072511083
35.3	0.004792641519771367
35.400000000000006	0.0048000605146503485
35.5	0.00480752492043001
35.6	0.004815034602683833
35.7	0.004822589429247332
35.8	0.004830189270189046
35.900000000000006	0.004837833997781992
36.	0.004845523486475626
36.1	0.004853257612868234
36.2	0.004861036255679787
36.3	0.004868859295725227
36.400000000000006	0.0048767266158881994
36.5	0.00488463810109521
36.6	0.004892593638290188
36.7	0.004900593116409475
36.8	0.004908636426357208
36.900000000000006	0.004916723460981092
37.	0.004924854115048567
37.1	0.004933028285223372
37.2	0.004941245870042435
37.3	0.004949506769893198
37.400000000000006	0.004957810886991226
37.5	0.004966158125358227
37.6	0.004974548390800415
37.7	0.004982981590887155
37.8	0.004991457634930022
37.900000000000006	0.004999976433962132
38.	0.005008537900717827
38.1	0.0050171419496126395
38.2	0.005025788496723621
38.3	0.005034477459769918
38.400000000000006	0.005043208758093698
38.5	0.00505198231264132
38.6	0.005060798045944847
38.7	0.005069655882103798
38.8	0.005078555746767191
38.900000000000006	0.00508749756711588
39.	0.005096481271845131
39.1	0.005105506791147477
39.2	0.0051145740566958245
39.300000000000004	0.0051236830016268406
39.4	0.005132833560524539
39.5	0.005142025669404155
39.6	0.005151259265696255
39.7	0.005160534288231064
39.800000000000004	0.005169850677223031
39.9	0.005179208374255653
40.	0.005188607322266473
40.1	0.005198047465532339
40.2	0.0052075287496548585
40.300000000000004	0.005217051121546075
40.4	0.0052266145294143545
40.5	0.005236218922750465
40.6	0.005245864252313875
40.7	0.0052555504701192355
40.800000000000004	0.005265277529423062
40.9	0.005275045384710619
41.	0.0052848539916829675
41.1	0.0052947033072442235
41.2	0.0053045932894889795
41.300000000000004	0.005314523897689913
41.4	0.005324495092285567
41.5	0.005334506834868309
41.6	0.00534455908817245
41.7	0.00535465181606253
41.800000000000004	0.005364784983521782
41.9	0.00537495855664073
42.	0.005385172502605974
42.1	0.005395426789689111
42.2	0.005405721387235802
42.300000000000004	0.00541605626565502
42.4	0.005426431396408406
42.5	0.005436846751999806
42.6	0.005447302305964916
42.7	0.005457798032861085
42.800000000000004	0.005468333908257271
42.9	0.005478909908724089
43.	0.005489526011824031
43.1	0.005500182196101796
43.2	0.0055108784410747525
43.300000000000004	0.005521614727223536
43.4	0.005532391035982744
43.5	0.005543207349731787
43.6	0.005554063651785825
43.7	0.005564959926386854
43.800000000000004	0.005575896158694875
43.9	0.005586872334779204
44.	0.005597888441609873
44.1	0.0056089444670491505
44.2	0.005620040399843167
44.300000000000004	0.005631176229613644
44.4	0.005642351946849735
44.5	0.005653567542899954
44.6	0.005664823009964218
44.7	0.005676118341085963
44.800000000000004	0.005687453530144411
44.9	0.005698828571846854
45.	0.005710243461721099
45.1	0.00572169819610798
45.2	0.005733192772153927
45.300000000000004	0.005744727187803701
45.400000000000006	0.0057563014417931204
45.5	0.005767915533641959
45.6	0.00577956946364687
45.7	0.005791263232874405
45.800000000000004	0.005802996843154143
45.900000000000006	0.005814770297071867
46.	0.0058265835979628075
46.1	0.005838436749905008
46.2	0.005850329757712729
46.300000000000004	0.00586226262692993
46.400000000000006	0.0058742353638238385
46.5	0.00588624797537858
46.6	0.005898300469288874
46.7	0.005910392853953809
46.800000000000004	0.005922525138470669
46.900000000000006	0.005934697332628842
47.	0.005946909446903793
47.1	0.00595916149245108
47.2	0.005971453481100455
47.300000000000004	0.005983785425350013
47.400000000000006	0.005996157338360408
47.5	0.006008569233949118
47.6	0.006021021126584787
47.7	0.0060335130313815865
47.800000000000004	0.00604604496409369
47.900000000000006	0.006058616941109738
48.	0.006071228979447398
48.1	0.006083881096747965
48.2	0.006096573311271017
48.300000000000004	0.006109305641889108
48.400000000000006	0.006122078108082518
48.5	0.006134890729934061
48.6	0.006147743528123922
48.7	0.006160636523924552
48.800000000000004	0.00617356973919561
48.900000000000006	0.006186543196378927
49.	0.006199556918493554
49.1	0.006212610929130805
49.2	0.006225705252449382
49.300000000000004	0.006238839913170521
49.400000000000006	0.006252014936573172
49.5	0.006265230348489222
49.6	0.0062784861752987866
49.7	0.006291782443925479
49.800000000000004	0.006305119181831762
49.900000000000006	0.006318496417014331
50.	0.006331914177999507
50.1	0.006345372493838671
50.2	0.006358871394103773
50.300000000000004	0.006372410908882797
50.400000000000006	0.006385991068775323
50.5	0.00639961190488809
50.6	0.006413273448830586
50.7	0.006426975732710696
50.800000000000004	0.006440718789130327
50.900000000000006	0.006454502651181114
51.	0.006468327352440123
51.1	0.006482192926965576
51.2	0.006496099409292632
51.300000000000004	0.0065100468344291475
51.400000000000006	0.006524035237851505
51.5	0.006538064655500443
51.6	0.00655213512377689
51.7	0.006566246679537871
51.800000000000004	0.0065803993600923845
51.900000000000006	0.006594593203197325
52.	0.006608828247053418
52.1	0.006623104530301193
52.2	0.006637422092016926
52.300000000000004	0.006651780971708668
52.400000000000006	0.006666181209312227
52.5	0.006680622845187216
52.6	0.0066951059201130775
52.7	0.006709630475285153
52.800000000000004	0.0067241965523107475
52.900000000000006	0.006738804193205224
53.	0.006753453440388091
53.1	0.006768144336679132
53.2	0.006782876925294505
53.300000000000004	0.006797651249842915
53.400000000000006	0.006812467354321718
53.5	0.006827325283113111
53.6	0.006842225080980292
53.7	0.006857166793063632
53.800000000000004	0.006872150464876857
53.900000000000006	0.006887176142303241
54.	0.006902243871591829
54.1	0.0069173536993536195
54.2	0.006932505672557789
54.300000000000004	0.006947699838527914
54.400000000000006	0.006962936244938187
54.5	0.006978214939809661
54.6	0.006993535971506478
54.7	0.007008899388732111
54.800000000000004	0.007024305240525593
54.900000000000006	0.007039753576257777
55.	0.007055244445627572
55.1	0.007070777898658206
55.2	0.007086353985693452
55.300000000000004	0.007101972757393898
55.400000000000006	0.007117634264733193
55.5	0.007133338558994288
55.6	0.007149085691765682
55.7	0.0071648757149376996
55.800000000000004	0.007180708680698691
55.900000000000006	0.007196584641531313
56.	0.007212503650208737
56.1	0.007228465759790921
56.2	0.007244471023620805
56.300000000000004	0.007260519495320562
56.400000000000006	0.007276611228787811
56.5	0.007292746278191851
56.6	0.007308924697969844
56.7	0.007325146542823038
56.800000000000004	0.0073414118677129735
56.900000000000006	0.007357720727857651
57.	0.007374073178727733
57.1	0.007390469276042714
57.2	0.007406909075767088
57.300000000000004	0.007423392634106484
57.400000000000006	0.007439920007503853
57.5	0.00745649125263557
57.6	0.007473106426407578
57.7	0.007489765585951504
57.800000000000004	0.007506468788620735
57.900000000000006	0.007523216091986555
58.	0.00754000755383419
58.1	0.00755684323215888
58.2	0.0075737231851619345
58.300000000000004	0.007590647471246776
58.400000000000006	0.0076076161490149655
58.5	0.0076246292772621845
58.6	0.007641686914974275
58.7	0.007658789121323175
58.800000000000004	0.0076759359556629065
58.900000000000006	0.007693127477525513
59.	0.007710363746616992
59.1	0.007727644822813195
59.2	0.007744970766155732
59.300000000000004	0.007762341636847842
59.400000000000006	0.007779757495250246
59.5	0.00779721840187699
59.6	0.007814724417391256
59.7	0.007832275602601163
59.800000000000004	0.007849872018455533
59.900000000000006	0.007867513726039664
60.	0.00788520078657104
60.1	0.007902933261395063
60.2	0.007920711211980734
60.300000000000004	0.007938534699916308
60.400000000000006	0.007956403786904953
60.5	0.00797431853476037
60.6	0.00799227900540237
60.7	0.008010285260852464
60.800000000000004	0.008028337363229379
60.900000000000006	0.008046435374744625
61.	0.008064579357697934
61.1	0.008082769374472776
61.2	0.008101005487531765
61.300000000000004	0.008119287759412093
61.400000000000006	0.008137616252720897
61.5	0.008155991030130628
61.6	0.008174412154374389
61.7	0.008192879688241214
61.800000000000004	0.008211393694571356
61.900000000000006	0.008229954236251518
62.	0.008248561376210054
62.1	0.008267215177412177
62.2	0.008285915702855081
62.300000000000004	0.008304663015563065
62.400000000000006	0.00832345717858263
62.5	0.00834229825497751
62.6	0.0083611863078237
62.7	0.008380121400204462
62.800000000000004	0.008399103595205234
62.900000000000006	0.008418132955908594
63.	0.008437209545389108
63.1	0.008456333426708195
63.2	0.008475504662908945
63.300000000000004	0.008494723317010879
63.400000000000006	0.008513989452004697
63.5	0.00853330313084699
63.6	0.008552664416454888
63.7	0.008572073371700715
63.800000000000004	0.008591530059406542
63.900000000000006	0.00861103454233877
64.	0.008630586883202646
64.1	0.008650187144636695
64.2	0.00866983538920721
64.30000000000001	0.008689531679402599
64.4	0.008709276077627765
64.5	0.008729068646198393
64.6	0.008748909447335263
64.7	0.008768798543158419
64.80000000000001	0.008788735995681404
64.9	0.008808721866805383
65.	0.008828756218313227
65.1	0.008848839111863594
65.2	0.008868970608984941
65.30000000000001	0.008889150771069462
65.4	0.00890937965936703
65.5	0.008929657334979076
65.6	0.008949983858852416
65.7	0.008970359291773027
65.80000000000001	0.008990783694359787
65.9	0.009011257127058178
66.	0.009031779650133905
66.1	0.00905235132366651
66.2	0.00907297220754292
66.30000000000001	0.009093642361450917
66.4	0.00911436184487261
66.5	0.009135130717077842
66.6	0.009155949037117493
66.7	0.009176816863816845
66.80000000000001	0.009197734255768758
66.9	0.009218701271326901
67.	0.009239717968598904
67.1	0.009260784405439435
67.2	0.009281900639443227
67.30000000000001	0.009303066727938078
67.4	0.009324282727977778
67.5	0.009345548696334992
67.6	0.009366864689494075
67.7	0.009388230763643843
67.80000000000001	0.009409646974670288
67.9	0.00943111337814922
68.	0.009452630029338908
68.1	0.009474196983172572
68.2	0.009495814294250926
68.30000000000001	0.009517482016834555
68.4	0.00953920020483633
68.5	0.0095609689118137
68.6	0.00958278819096097
68.7	0.009604658095101474
68.80000000000001	0.009626578676679733
68.9	0.009648549987753502
69.	0.00967057207998585
69.1	0.009692645004637067
69.2	0.009714768812556573
69.30000000000001	0.009736943554174766
69.4	0.009759169279494773
69.5	0.009781446038084195
69.6	0.009803773879066743
69.7	0.009826152851113823
69.80000000000001	0.009848583002436052
69.9	0.00987106438077474
70.	0.009893597033393275
70.1	0.009916181007068457
70.2	0.009938816348081766
70.30000000000001	0.009961503102210568
70.4	0.009984241314719243
70.5	0.010007031030350284
70.6	0.010029872293315279
70.7	0.010052765147285841
70.80000000000001	0.01007570963538451
70.9	0.010098705800175549
71.	0.010121753683655667
71.10000000000001	0.010144853327244713
71.2	0.010168004771776264
71.3	0.010191208057488136
71.4	0.010214463224012928
71.5	0.010237770310368316
71.60000000000001	0.010261129354947456
71.7	0.010284540395509183
71.8	0.010308003469168261
71.9	0.010331518612385448
72.	0.010355085860957553
72.10000000000001	0.010378705250007435
72.2	0.010402376813973857
72.3	0.010426100586601374
72.4	0.010449876600930058
72.5	0.010473704889285179
72.60000000000001	0.010497585483266852
72.7	0.010521518413739552
72.8	0.010545503710821596
72.9	0.01056954140387453
73.	0.010593631521492454
73.10000000000001	0.010617774091491288
73.2	0.010641969140897909
73.3	0.010666216695939286
73.4	0.010690516782031487
73.5	0.010714869423768647
73.60000000000001	0.010739274644911824
73.7	0.01076373246837782
73.8	0.010788242916227882
73.9	0.010812806009656374
74.	0.010837421768979352
74.10000000000001	0.010862090213623039
74.2	0.01088681136211227
74.3	0.010911585232058837
74.4	0.010936411840149747
74.5	0.010961291202135418
74.60000000000001	0.010986223332817815
74.7	0.011011208246038452
74.8	0.01103624595466639
74.9	0.01106133647058611
75.	0.0110864798046853
75.10000000000001	0.011111675966842637
75.2	0.01113692496591539
75.3	0.011162226809727008
75.4	0.011187581505054651
75.5	0.011212989057616564
75.60000000000001	0.01123844947205945
75.7	0.01126396275194573
75.8	0.011289528899740714
75.9	0.011315147916799755
76.	0.011340819803355216
76.10000000000001	0.011366544558503474
76.2	0.011392322180191787
76.3	0.011418152665205067
76.4	0.011444036009152649
76.5	0.011469972206454878
76.60000000000001	0.011495961250329704
76.7	0.01152200313277918
76.8	0.011548097844575854
76.9	0.011574245375249093
77.	0.01160044571307136
77.10000000000001	0.011626698845044397
77.2	0.011653004756885275
77.3	0.011679363433012492
77.4	0.011705774856531856
77.5	0.011732239009222387
77.60000000000001	0.011758755871522118
77.7	0.01178532542251377
77.8	0.011811947639910442
77.9	0.011838622500041156
78.	0.011865349977836344
78.10000000000001	0.011892130046813255
78.2	0.011918962679061316
78.3	0.011945847845227377
78.4	0.011972785514500905
78.5	0.0119997756545991
78.60000000000001	0.012026818231751944
78.7	0.012053913210687167
78.8	0.012081060554615122
78.9	0.012108260225213632
79.	0.012135512182612721
79.10000000000001	0.012162816385379313
79.2	0.012190172790501809
79.3	0.012217581353374645
79.4	0.012245042027782739
79.5	0.012272554765885894
79.60000000000001	0.012300119518203137
79.7	0.012327736233596922
79.8	0.012355404859257393
79.9	0.012383125340686422
80.	0.01241089762168172
80.10000000000001	0.012438721644320793
80.2	0.012466597348944846
80.3	0.012494524674142677
80.4	0.01252250355673443
80.5	0.012550533931755318
80.60000000000001	0.012578615732439303
80.7	0.012606748890202657
80.8	0.012634933334627526
80.9	0.012663168993445412
81.	0.012691455792520543
81.10000000000001	0.012719793655833244
81.2	0.012748182505463253
81.3	0.012776622261572909
81.4	0.012805112842390377
81.5	0.012833654164192741
81.60000000000001	0.012862246141289082
81.7	0.012890888686003476
81.8	0.012919581708657962
81.9	0.012948325117555455
82.	0.012977118818962576
82.10000000000001	0.013005962717092479
82.2	0.013034856714087604
82.3	0.013063800710002375
82.4	0.013092794602785838
82.5	0.01312183828826432
82.60000000000001	0.013150931660123986
82.7	0.013180074609893313
82.8	0.01320926702692565
82.9	0.013238508798381598
83.	0.013267799809211443
83.10000000000001	0.01329713994213752
83.2	0.013326529077636526
83.3	0.013355967093921797
83.4	0.013385453866925618
83.5	0.013414989270281391
83.60000000000001	0.013444573175305861
83.7	0.013474205450981231
83.80000000000001	0.013503885963937381
83.9	0.01353361457843389
84.	0.01356339115634215
84.10000000000001	0.013593215557127452
84.2	0.013623087637830964
84.30000000000001	0.013653007253051798
84.4	0.013682974254928962
84.5	0.013712988493123388
84.60000000000001	0.01374304981479987
84.7	0.01377315806460899
84.80000000000001	0.013803313084669123
84.9	0.013833514714548297
85.	0.013863762791246154
85.10000000000001	0.01389405714917587
85.2	0.01392439762014604
85.30000000000001	0.013954784033342611
85.4	0.013985216215310781
85.5	0.014015693989936913
85.60000000000001	0.014046217178430452
85.7	0.01407678559930586
85.80000000000001	0.014107399068364513
85.9	0.014138057398676676
86.	0.014168760400563448
86.10000000000001	0.01419950788157874
86.2	0.014230299646491211
86.30000000000001	0.014261135497266372
86.4	0.014292015233048511
86.5	0.014322938650142813
86.60000000000001	0.014353905541997423
86.7	0.014384915699185546
86.80000000000001	0.014415968909387589
86.9	0.014447064957373353
87.	0.014478203624984231
87.10000000000001	0.014509384691115467
87.2	0.014540607931698436
87.30000000000001	0.014571873119683009
87.4	0.014603180025019898
87.5	0.014634528414643166
87.60000000000001	0.014665918052452619
87.7	0.014697348699296432
87.80000000000001	0.014728820112953725
87.9	0.014760332048117206
88.	0.014791884256375967
88.10000000000001	0.014823476486198193
88.2	0.014855108482914109
88.30000000000001	0.014886779988698882
88.4	0.014918490742555631
88.5	0.014950240480298572
88.60000000000001	0.014982028934536146
88.7	0.015013855834654338
88.80000000000001	0.01504572090679997
88.9	0.015077623873864196
89.	0.015109564455466067
89.10000000000001	0.015141542367936101
89.2	0.015173557324300093
89.30000000000001	0.015205609034262942
89.4	0.01523769720419261
89.5	0.015269821537104199
89.60000000000001	0.015301981732644146
89.7	0.015334177487074524
89.80000000000001	0.01536640849325748
89.9	0.015398674440639774
90.	0.015430975015237504
90.10000000000001	0.015463309899620898
90.2	0.015495678772899294
90.30000000000001	0.015528081310706232
90.4	0.015560517185184688
90.5	0.015592986064972506
90.60000000000001	0.01562548761518792
90.7	0.015658021497415246
90.80000000000001	0.015690587369690794
90.9	0.01572318488648886
91.	0.015755813698707915
91.10000000000001	0.01578847345365704
91.2	0.015821163795042396
91.30000000000001	0.01585388436295398
91.4	0.01588663479385255
91.5	0.015919414720556715
91.60000000000001	0.015952223772230226
91.7	0.01598506157436946
91.80000000000001	0.016017927748791117
91.9	0.016050821913620103
92.	0.01608374368327765
92.10000000000001	0.016116692668469643
92.2	0.016149668476175084
92.30000000000001	0.01618267070963497
92.4	0.01621569896834113
92.5	0.016248752848025586
92.60000000000001	0.016281831940649895
92.7	0.01631493583439486
92.80000000000001	0.016348064113650498
92.9	0.016381216359006176
93.	0.01641439214724108
93.10000000000001	0.016447591051314863
93.2	0.016480812640358628
93.30000000000001	0.016514056479666132
93.4	0.016547322130685268
93.5	0.01658060915100983
93.60000000000001	0.016613917094371582
93.7	0.016647245510632517
93.80000000000001	0.016680593945777547
93.9	0.016713961941907315
94.	0.016747349037231535
94.10000000000001	0.016780754766062368
94.2	0.016814178658808295
94.30000000000001	0.016847620241968248
94.4	0.016881079038126023
94.5	0.016914554565945074
94.60000000000001	0.016948046340163555
94.7	0.016981553871589804
94.80000000000001	0.017015076667098013
94.9	0.017048614229624375
95.	0.017082166058163522
95.10000000000001	0.017115731647765267
95.2	0.017149310489531742
95.30000000000001	0.017182902070614983
95.4	0.017216505874214624
95.5	0.01725012137957629
95.60000000000001	0.017283748061990047
95.7	0.017317385392789462
95.80000000000001	0.01735103283935095
95.9	0.017384689865093426
96.	0.017418355929478543
96.10000000000001	0.01745203048801115
96.2	0.017485712992240204
96.30000000000001	0.017519402889760123
96.4	0.017553099624212486
96.5	0.017586802635288206
96.60000000000001	0.017620511358730058
96.7	0.017654225226335696
96.80000000000001	0.017687943665960992
96.9	0.01772166610152397
97.	0.017755391953008966
97.10000000000001	0.01778912063647144
97.2	0.017822851564043028
97.30000000000001	0.017856584143937246
97.4	0.01789031778045542
97.5	0.0179240518739933
97.60000000000001	0.01795778582104797
97.7	0.01799151901422527
97.80000000000001	0.018025250842247726
97.9	0.018058980689962884
98.	0.018092707938352187
98.10000000000001	0.01812643196454029
98.2	0.01816015214180482
98.30000000000001	0.018193867839586774
98.4	0.01822757842350119
98.5	0.018261283255348537
98.60000000000001	0.0182949816931264
98.7	0.01832867309104184
98.80000000000001	0.01836235679952416
98.9	0.018396032165238156
99.	0.01842969853109801
99.10000000000001	0.018463355236281596
99.2	0.01849700161624527
99.30000000000001	0.018530637002739322
99.4	0.018564260723823833
99.5	0.01859787210388513
99.60000000000001	0.018631470463652725
99.7	0.018665055120216774
99.80000000000001	0.018698625387046235
99.9	0.01873218057400731
100.	0.01876571998738266
100.10000000000001	0.018799242929891005
100.2	0.0188327487007074
100.30000000000001	0.01886623659548396
100.4	0.018899705906371227
100.5	0.018933155922039986
100.60000000000001	0.018966585927703807
100.7	0.018999995205141937
100.80000000000001	0.019033383032722933
100.9	0.01906674868542877
101.	0.019100091434879538
101.10000000000001	0.01913341054935872
101.2	0.019166705293839018
101.30000000000001	0.019199974930008766
101.4	0.019233218716298912
101.5	0.01926643590791057
101.60000000000001	0.01929962575684319
101.7	0.01933278751192322
101.80000000000001	0.019365920418833404
101.9	0.01939902372014272
102.	0.01943209665533674
102.10000000000001	0.01946513846084873
102.2	0.019498148370091204
102.30000000000001	0.019531125613488215
102.4	0.01956406941850801
102.5	0.019596979009696504
102.60000000000001	0.019629853608711174
102.7	0.019662692434355603
102.80000000000001	0.019695494702614547
102.9	0.0197282596266897
103.	0.01976098641703596
103.10000000000001	0.0197936742813982
103.2	0.01982632242484883
103.30000000000001	0.019858930049825772
103.4	0.019891496356170983
103.5	0.01992402054116978
103.60000000000001	0.01995650179959047
103.7	0.01998893932372476
103.80000000000001	0.02002133230342862
103.9	0.020053679926163765
104.	0.02008598137703975
104.10000000000001	0.02011823583885655
104.2	0.020150442492147744
104.30000000000001	0.020182600515224303
104.4	0.02021470908421887
104.5	0.020246767373130668
104.60000000000001	0.020278774553870917
104.7	0.020310729796308817
104.80000000000001	0.02034263226831813
104.9	0.020374481135824178
105.	0.020406275562851635
105.10000000000001	0.02043801471157257
105.2	0.0204696977423552
105.30000000000001	0.020501323813813182
105.4	0.020532892082855397
105.5	0.020564401704736213
105.60000000000001	0.020595851833106374
105.7	0.020627241620064334
105.80000000000001	0.02065857021620817
105.9	0.020689836770687888
106.	0.020721040431258428
106.10000000000001	0.020752180344332908
106.2	0.020783255655036668
106.30000000000001	0.020814265507261533
106.4	0.020845209043720725
106.5	0.020876085406004188
106.60000000000001	0.020906893734634467
106.7	0.02093763316912289
106.80000000000001	0.020968302848026404
106.9	0.02099890190900476
107.	0.021029429488878145
107.10000000000001	0.021059884723685307
107.2	0.021090266748742124
107.30000000000001	0.021120574698700493
107.4	0.021150807707607786
107.5	0.021180964908966666
107.60000000000001	0.02121104543579529
107.7	0.021241048420687903
107.80000000000001	0.021270972995875916
107.9	0.02130081829328925
108.	0.021330583444618224
108.10000000000001	0.021360267581375603
108.2	0.02138986983495914
108.30000000000001	0.021419389336714542
108.4	0.021448825217998603
108.5	0.021478176610242813
108.60000000000001	0.021507442645017274
108.7	0.02153662245409483
108.80000000000001	0.021565715169515744
108.9	0.021594719923652406
109.	0.021623635849274528
109.10000000000001	0.02165246207961456
109.2	0.021681197748433394
109.30000000000001	0.021709841990086288
109.4	0.0217383939395891
109.5	0.021766852732684826
109.60000000000001	0.021795217505910184
109.7	0.021823487396662677
109.80000000000001	0.021851661543267665
109.9	0.02187973908504574
110.	0.02190771916238032
110.10000000000001	0.021935600916785397
110.2	0.021963383490973397
110.30000000000001	0.021991066028923378
110.4	0.022018647675949188
110.5	0.022046127578767893
110.60000000000001	0.022073504885568328
110.7	0.022100778746079703
110.80000000000001	0.022127948311640454
110.9	0.022155012735266984
111.	0.022181971171722697
111.10000000000001	0.022208822777587053
111.2	0.02223556671132461
111.30000000000001	0.02226220213335425
111.4	0.022288728206118314
111.5	0.022315144094151865
111.60000000000001	0.022341448964152005
111.7	0.022367641985047045
111.80000000000001	0.02239372232806584
111.9	0.02241968916680702
112.	0.02244554167730823
112.10000000000001	0.02247127903811531
112.2	0.022496900430351408
112.30000000000001	0.022522405037786162
112.4	0.022547792046904547
112.5	0.02257306064697596
112.60000000000001	0.022598210030122943
112.7	0.022623239391389924
112.80000000000001	0.022648147928811833
112.9	0.022672934843482536
113.	0.022697599339623144
113.10000000000001	0.02272214062465023
113.2	0.022746557909243716
113.30000000000001	0.022770850407414816
113.4	0.022795017336573464
113.5	0.02281905791759594
113.60000000000001	0.022842971374891854
113.7	0.022866756936471232
113.80000000000001	0.022890413834011206
113.9	0.02291394130292241
114.	0.022937338582415253
114.10000000000001	0.02296060491556582
114.2	0.022983739549381443
114.30000000000001	0.023006741734866037
114.4	0.023029610727085207
114.5	0.02305234578523079
114.60000000000001	0.023074946172685254
114.7	0.023097411157085742
114.80000000000001	0.0231197400103876
114.9	0.02314193200892772
115.	0.023163986433487386
115.10000000000001	0.023185902569354724
115.2	0.02320767970638684
115.30000000000001	0.023229317139071382
115.4	0.02325081416658779
115.5	0.02327217009286816
115.60000000000001	0.02329338422665744
115.7	0.023314455881573347
115.80000000000001	0.023335384376165797
115.9	0.02335616903397574
116.	0.02337680918359358
116.10000000000001	0.02339730415871713
116.2	0.02341765329820889
116.30000000000001	0.02343785594615304
116.4	0.0234579114519116
116.5	0.023477819170180336
116.60000000000001	0.02349757846104389
116.7	0.02351718869003042
116.80000000000001	0.02353664922816573
116.9	0.023555959452026667
117.	0.02357511874379408
117.10000000000001	0.02359412649130499
117.2	0.023612982088104376
117.30000000000001	0.023631684933496107
117.4	0.023650234432593398
117.5	0.02366862999636849
117.60000000000001	0.023686871041701876
117.7	0.023704956991430673
117.80000000000001	0.023722887274396372
117.9	0.023740661325492015
118.	0.023758278585708573
118.10000000000001	0.023775738502180684
118.2	0.02379304052823165
118.30000000000001	0.023810184123417812
118.4	0.023827168753572103
118.5	0.02384399389084698
118.60000000000001	0.02386065901375654
118.7	0.02387716360721796
118.80000000000001	0.023893507162592177
118.9	0.023909689177723837
119.	0.0239257091569804
119.10000000000001	0.02394156661129066
119.2	0.023957261058182314
119.30000000000001	0.023972792021818887
119.4	0.023988159033035784
119.5	0.024003361629375688
119.60000000000001	0.024018399355123017
119.7	0.024033271761337682
119.80000000000001	0.024047978405888012
119.9	0.024062518853482966
120.	0.02407689267570338
120.10000000000001	0.024091099451032525
120.2	0.024105138764885806
120.30000000000001	0.0241190102096397
120.4	0.024132713384659735
120.5	0.024146247896327806
120.60000000000001	0.0241596133580686
120.7	0.02417280939037513
120.80000000000001	0.024185835620833537
120.9	0.024198691684146983
121.	0.024211377222158735
121.10000000000001	0.024223891883874426
121.2	0.024236235325483448
121.30000000000001	0.024248407210379495
121.4	0.024260407209180317
121.5	0.024272234999746505
121.60000000000001	0.02428389026719964
121.7	0.024295372703939357
121.80000000000001	0.024306682009659686
121.9	0.024317817891364592
122.	0.02432878006338257
122.10000000000001	0.024339568247380382
122.2	0.024350182172376073
122.30000000000001	0.024360621574750985
122.4	0.024370886198261027
122.5	0.024380975794047046
122.60000000000001	0.02439089012064443
122.7	0.024400628943991715
122.80000000000001	0.02441019203743852
122.9	0.02441957918175255
123.	0.024428790165125728
123.10000000000001	0.02443782478317959
123.2	0.024446682838969804
123.30000000000001	0.02445536414298976
123.4	0.02446386851317345
123.5	0.02447219577489759
123.60000000000001	0.024480345760982593
123.7	0.024488318311693166
123.80000000000001	0.02449611327473769
123.9	0.02450373050526704
124.	0.024511169865872484
124.10000000000001	0.024518431226582843
124.2	0.024525514464860714
124.30000000000001	0.024532419465598067
124.4	0.02453914612111096
124.5	0.024545694331133388
124.60000000000001	0.024552064002810535
124.7	0.024558255050691077
124.80000000000001	0.02456426739671872
124.9	0.02457010097022317
125.	0.02457575570790998
125.10000000000001	0.024581231553850003
125.2	0.024586528459467835
125.30000000000001	0.02459164638352965
125.4	0.024596585292130192
125.5	0.024601345158679115
125.60000000000001	0.024605925963886534
125.7	0.024610327695747898
125.80000000000001	0.024614550349528082
125.9	0.02461859392774482
126.	0.0246224584401514
126.10000000000001	0.02462614390371872
126.2	0.024629650342616532
126.30000000000001	0.024632977788194125
126.4	0.02463612627896027
126.5	0.02463909586056247
126.60000000000001	0.024641886585765636
126.7	0.024644498514429982
126.80000000000001	0.02464693171348837
126.9	0.024649186256922976
127.	0.024651262225741332
127.10000000000001	0.024653159707951705
127.2	0.02465487879853793
127.30000000000001	0.024656419599433512
127.4	0.0246577822194953
127.5	0.02465896677447638
127.60000000000001	0.024659973386998525
127.7	0.024660802186523955
127.80000000000001	0.024661453309326637
127.9	0.024661926898462916
128.	0.024662223103741682
128.10000000000002	0.024662342081693902
128.2	0.024662283995541708
128.3	0.024662049015166887
128.4	0.024661637317078863
128.5	0.02466104908438221
128.60000000000002	0.024660284506743586
128.7	0.02465934378035829
128.8	0.024658227107916153
128.9	0.024656934698567137
129.	0.024655466767886405
129.10000000000002	0.024653823537838775
129.2	0.02465200523674307
129.3	0.024650012099235605
129.4	0.024647844366233598
129.5	0.024645502284897956
129.60000000000002	0.02464298610859564
129.7	0.024640296096861847
129.8	0.024637432515361418
129.9	0.02463439563585022
130.	0.02463118573613593
130.10000000000002	0.024627803100038485
130.2	0.024624248017350282
130.3	0.024620520783795872
130.4	0.02461662170099131
130.5	0.024612551076403404
130.60000000000002	0.024608309223308276
130.7	0.02460389646074989
130.8	0.02459931311349816
130.9	0.02459455951200672
131.	0.024589635992370504
131.10000000000002	0.024584542896282917
131.2	0.024579280570992835
131.3	0.02457384936926129
131.4	0.02456824964931788
131.5	0.024562481774816968
131.60000000000002	0.02455654611479362
131.7	0.024550443043619294
131.8	0.024544172940957308
131.9	0.024537736191718135
132.	0.024531133186014433
132.10000000000002	0.02452436431911584
132.2	0.024517429991403748
132.3	0.02451033060832566
132.4	0.024503066580349522
132.5	0.024495638322917835
132.60000000000002	0.024488046256401694
132.7	0.024480290806054447
132.8	0.024472372401965484
132.9	0.024464291479013713
133.	0.02445604847682094
133.10000000000002	0.02444764383970515
133.2	0.02443907801663369
133.3	0.024430351461176246
133.4	0.024421464631457866
133.5	0.024412417990111766
133.60000000000002	0.024403212004232077
133.7	0.02439384714532657
133.8	0.024384323889269286
133.9	0.024374642716253017
134.	0.024364804110741826
134.10000000000002	0.024354808561423486
134.2	0.02434465656116191
134.3	0.024334348606949427
134.4	0.024323885199859167
134.5	0.024313266844997336
134.60000000000002	0.024302494051455462
134.7	0.02429156733226274
134.8	0.024280487204338203
134.9	0.02426925418844304
135.	0.024257868809132832
135.1	0.0242463315947098
135.20000000000002	0.024234643077175176
135.3	0.024222803792181485
135.4	0.024210814278984825
135.5	0.024198675080397348
135.6	0.024186386742739624
135.70000000000002	0.024173949815793103
135.8	0.024161364852752665
135.9	0.02414863241017918
136.	0.024135753047952103
136.1	0.024122727329222268
136.20000000000002	0.024109555820364576
136.3	0.02409623909093084
136.4	0.02408277771360281
136.5	0.024069172264145084
136.6	0.02405542332135831
136.70000000000002	0.024041531467032282
136.8	0.024027497285899358
136.9	0.02401332136558778
137.	0.023999004296575206
137.1	0.02398454667214241
137.20000000000002	0.02396994908832694
137.3	0.023955212143877018
137.4	0.023940336440205524
137.5	0.02392532258134416
137.6	0.023910171173897644
137.70000000000002	0.023894882826998108
137.8	0.023879458152259694
137.9	0.023863897763733155
138.	0.02384820227786068
138.1	0.023832372313430928
138.20000000000002	0.02381640849153409
138.3	0.02380031143551718
138.4	0.023784081770939526
138.5	0.023767720125528326
138.6	0.023751227129134453
138.70000000000002	0.023734603413688344
138.8	0.023717849613156216
138.9	0.023700966363496234
139.	0.023683954302615086
139.1	0.02366681407032456
139.20000000000002	0.023649546308298398
139.3	0.023632151660029334
139.4	0.02361463077078626
139.5	0.023596984287571652
139.6	0.023579212859079123
139.70000000000002	0.023561317135651263
139.8	0.02354329776923754
139.9	0.023525155413352563
140.	0.02350689072303439
140.1	0.02348850435480312
140.20000000000002	0.023469996966619763
140.3	0.023451369217845106
140.4	0.023432621769199018
140.5	0.023413755282719783
140.6	0.02339477042172383
140.70000000000002	0.02337566785076544
140.8	0.023356448235596874
140.9	0.023337112243128684
141.	0.023317660541390076
141.1	0.023298093799489748
141.20000000000002	0.023278412687576716
141.3	0.02325861787680153
141.4	0.023238710039277598
141.5	0.023218689848042817
141.6	0.02319855797702139
141.70000000000002	0.02317831510098582
141.8	0.02315796189551929
141.9	0.023137499036978038
142.	0.023116927202454195
142.1	0.023096247069738684
142.20000000000002	0.02307545931728445
142.3	0.023054564624169837
142.4	0.02303356367006232
142.5	0.023012457135182296
142.6	0.022991245700267303
142.70000000000002	0.022969930046536288
142.8	0.02294851085565429
142.9	0.022926988809697176
143.	0.02290536459111679
143.1	0.02288363888270616
143.20000000000002	0.022861812367565116
143.3	0.022839885729066027
143.4	0.022817859650819797
143.5	0.02279573481664213
143.6	0.022773511910520027
143.70000000000002	0.022751191616578452
143.8	0.022728774619047407
143.9	0.022706261602228977
144.	0.022683653250464914
144.1	0.022660950248104227
144.20000000000002	0.022638153279471114
144.3	0.02261526302883314
144.4	0.022592280180369618
144.5	0.022569205418140222
144.6	0.02254603942605389
144.70000000000002	0.022522782887837912
144.8	0.022499436487007314
144.9	0.022476000906834378
145.	0.022452476830318542
145.1	0.022428864940156435
145.20000000000002	0.022405165918712132
145.3	0.022381380447987823
145.4	0.022357509209594447
145.5	0.022333552884722798
145.6	0.02230951215411475
145.70000000000002	0.02228538769803473
145.8	0.022261180196241556
145.9	0.022236890327960217
146.	0.02221251877185421
146.1	0.022188066205997968
146.20000000000002	0.022163533307849464
146.3	0.02213892075422321
146.4	0.022114229221263312
146.5	0.022089459384416914
146.6	0.02206461191840778
146.70000000000002	0.02203968749721014
146.8	0.02201468679402279
146.9	0.021989610481243364
147.	0.02196445923044295
147.1	0.02193923371234078
147.20000000000002	0.021913934596779282
147.3	0.021888562552699338
147.4	0.021863118248115737
147.5	0.021837602350092845
147.6	0.02181201552472058
147.70000000000002	0.021786358437090543
147.8	0.021760631751272422
147.9	0.02173483613029059
148.	0.02170897223610097
148.1	0.02168304072956807
148.20000000000002	0.021657042270442312
148.3	0.02163097751733755
148.4	0.0216048471277088
148.5	0.021578651757830216
148.6	0.021552392062773283
148.70000000000002	0.021526068696385257
148.8	0.021499682311267778
148.9	0.021473233558755755
149.	0.02144672308889646
149.1	0.021420151550428767
149.20000000000002	0.021393519590762772
149.3	0.02136682785595951
149.4	0.02134007699071087
149.5	0.021313267638319828
149.6	0.02128640044068085
149.70000000000002	0.021259476038260484
149.8	0.021232495070078246
149.9	0.021205458173687592
150.	0.021178365985157266
150.1	0.02115121913905273
150.20000000000002	0.021124018268417855
150.3	0.021096764004756925
150.4	0.021069456978016585
150.5	0.02104209781656836
150.6	0.021014687147191066
150.70000000000002	0.020987225595053612
150.8	0.020959713783697997
150.9	0.020932152335022425
151.	0.020904541869264732
151.1	0.020876883004985962
151.20000000000002	0.020849176359054134
151.3	0.020821422546628346
151.4	0.02079362218114285
151.5	0.020765775874291563
151.6	0.020737884236012635
151.70000000000002	0.02070994787447332
151.8	0.020681967396054986
151.9	0.020653943405338295
152.	0.02062587650508869
152.1	0.020597767296242027
152.20000000000002	0.020569616377890343
152.3	0.02054142434726799
152.4	0.020513191799737762
152.5	0.020484919328777378
152.6	0.020456607525966074
152.70000000000002	0.020428256980971452
152.8	0.020399868281536518
152.9	0.020371442013466804
153.	0.020342978760617896
153.1	0.020314479104882908
153.20000000000002	0.020285943626180344
153.3	0.020257372902442127
153.4	0.02022876750960165
153.5	0.02020012802158226
153.6	0.02017145501028573
153.70000000000002	0.02014274904558105
153.8	0.020114010695293384
153.9	0.020085240525193098
154.	0.020056439098985173
154.1	0.02002760697829861
154.20000000000002	0.019998744722676164
154.3	0.01996985288956423
154.4	0.019940932034302795
154.5	0.019911982710115756
154.6	0.01988300546810129
154.70000000000002	0.01985400085722246
154.8	0.019824969424297994
154.9	0.01979591171399325
155.	0.019766828268811282
155.1	0.019737719629084247
155.20000000000002	0.019708586332964812
155.3	0.019679428916417892
155.4	0.019650247913212425
155.5	0.01962104385491345
155.6	0.019591817270874206
155.70000000000002	0.019562568688228595
155.8	0.019533298631883706
155.9	0.01950400762451243
156.	0.01947469618654646
156.1	0.019445364836169255
156.20000000000002	0.01941601408930929
156.3	0.019386644459633475
156.4	0.01935725645854064
156.5	0.01932785059515532
156.6	0.019298427376321616
156.70000000000002	0.019268987306597218
156.8	0.019239530888247723
156.9	0.019210058621240908
157.	0.019180571003241307
157.1	0.019151068529604943
157.20000000000002	0.019121551693374157
157.3	0.019092020985272695
157.4	0.01906247689370082
157.5	0.01903291990473071
157.6	0.01900335050210191
157.70000000000002	0.018973769167217058
157.8	0.01894417637913763
157.9	0.018914572614579978
158.	0.018884958347911394
158.1	0.018855334051146408
158.20000000000002	0.018825700193943206
158.3	0.01879605724360027
158.4	0.018766405665053002
158.5	0.01873674592087071
158.6	0.01870707847125356
158.70000000000002	0.01867740377402976
158.8	0.018647722284652973
158.9	0.01861803445619966
159.	0.018588340739366768
159.1	0.01855864158246947
159.20000000000002	0.018528937431439036
159.3	0.018499228729821002
159.4	0.018469515918773143
159.5	0.018439799437064
159.6	0.01841007972107121
159.70000000000002	0.018380357204780182
159.8	0.01835063231978282
159.9	0.01832090549527638
160.	0.018291177158062517
160.1	0.018261447732546388
160.20000000000002	0.01823171764073597
160.3	0.01820198730224148
160.4	0.01817225713427489
160.5	0.018142527551649617
160.60000000000002	0.018112798966780336
160.70000000000002	0.01808307178968291
160.8	0.01805334642797446
160.9	0.018023623286873555
161.	0.01799390276920052
161.10000000000002	0.017964185275377874
161.20000000000002	0.017934471203430943
161.3	0.017904760948988484
161.4	0.01787505490528352
161.5	0.017845353463154325
161.60000000000002	0.01781565701104537
161.70000000000002	0.017785965935008606
161.8	0.0177562806187047
161.9	0.017726601443404426
162.	0.01769692878799024
162.10000000000002	0.01766726302895785
162.20000000000002	0.01763760454041807
162.3	0.017607953694098594
162.4	0.017578310859346007
162.5	0.0175486764031279
162.60000000000002	0.017519050690035027
162.70000000000002	0.01748943408228366
162.8	0.017459826939717975
162.9	0.01743022961981259
163.	0.01740064247767519
163.10000000000002	0.017371065866049265
163.20000000000002	0.017341500135316986
163.3	0.017311945633502093
163.4	0.017282402706272963
163.5	0.017252871696945782
163.60000000000002	0.017223352946487778
163.70000000000002	0.017193846793520554
163.8	0.017164353574323558
163.9	0.01713487362283759
164.	0.017105407270668515
164.10000000000002	0.017075954847090874
164.20000000000002	0.017046516679051868
164.3	0.01701709309117515
164.4	0.0169876844057649
164.5	0.016958290942809894
164.60000000000002	0.01692891301998778
164.70000000000002	0.01689955095266924
164.8	0.01687020505392248
164.9	0.0168408756345176
165.	0.0168115630029312
165.10000000000002	0.016782267465350963
165.20000000000002	0.016752989325680433
165.3	0.016723728885543736
165.4	0.016694486444290516
165.5	0.016665262299000873
165.60000000000002	0.016636056744490414
165.70000000000002	0.01660687007331536
165.8	0.016577702575777755
165.9	0.01654855453993074
166.	0.016519426251583907
166.10000000000002	0.016490317994308706
166.20000000000002	0.016461230049443967
166.3	0.016432162696101493
166.4	0.01640311621117164
166.5	0.016374090869329096
166.60000000000002	0.01634508694303862
166.70000000000002	0.016316104702560976
166.8	0.016287144415958757
166.9	0.016258206349102428
167.	0.016229290765676405
167.10000000000002	0.016200397927185122
167.20000000000002	0.01617152809295928
167.3	0.01614268152016205
167.4	0.016113858463795407
167.5	0.016085059176706485
167.60000000000002	0.01605628390959404
167.70000000000002	0.016027532911014927
167.8	0.015998806427390665
167.9	0.01597010470301401
168.	0.015941427980055684
168.10000000000002	0.015912776498571035
168.20000000000002	0.015884150496506856
168.3	0.015855550209708205
168.4	0.01582697587192528
168.5	0.015798427714820353
168.60000000000002	0.015769905967974774
168.70000000000002	0.015741410858895993
168.8	0.01571294261302466
168.9	0.01568450145374174
169.	0.015656087602375704
169.10000000000002	0.015627701278209758
169.20000000000002	0.015599342698489125
169.3	0.01557101207842834
169.4	0.015542709631218645
169.5	0.015514435568035353
169.60000000000002	0.015486190098045307
169.70000000000002	0.01545797342841441
169.8	0.015429785764315099
169.9	0.015401627308933932
170.	0.015373498263479187
170.10000000000002	0.015345398827188519
170.20000000000002	0.015317329197336641
170.3	0.015289289569243015
170.4	0.01526128013627963
170.5	0.015233301089878757
170.60000000000002	0.015205352619540792
170.70000000000002	0.01517743491284212
170.8	0.015149548155442958
170.9	0.015121692531095273
171.	0.015093868221650767
171.10000000000002	0.015066075407068802
171.20000000000002	0.015038314265424435
171.3	0.015010584972916423
171.4	0.014982887703875259
171.5	0.01495522263077132
171.60000000000002	0.014927589924222908
171.70000000000002	0.014899989753004427
171.8	0.0148724222840545
171.9	0.014844887682484143
172.	0.014817386111585005
172.10000000000002	0.014789917732837563
172.20000000000002	0.01476248270591935
172.3	0.014735081188713259
172.4	0.01470771333731577
172.5	0.014680379306045266
172.60000000000002	0.014653079247450367
172.70000000000002	0.014625813312318266
172.8	0.014598581649683029
172.9	0.01457138440683401
173.	0.014544221729324215
173.10000000000002	0.014517093760978662
173.20000000000002	0.014490000643902852
173.3	0.014462942518491144
173.4	0.014435919523435155
173.5	0.014408931795732292
173.60000000000002	0.01438197947069411
173.70000000000002	0.014355062681954831
173.8	0.014328181561479804
173.9	0.014301336239573966
174.	0.014274526844890358
174.10000000000002	0.014247753504438585
174.20000000000002	0.014221016343593351
174.3	0.014194315486102964
174.4	0.01416765105409781
174.5	0.014141023168098918
174.60000000000002	0.01411443194702643
174.70000000000002	0.014087877508208205
174.8	0.014061359967388276
174.9	0.014034879438735388
175.	0.014008436034851562
175.10000000000002	0.013982029866780597
175.20000000000002	0.013955661044016628
175.3	0.013929329674512643
175.4	0.013903035864689021
175.5	0.013876779719442059
175.60000000000002	0.013850561342152502
175.70000000000002	0.013824380834694078
175.8	0.013798238297442027
175.9	0.013772133829281582
176.	0.013746067527616545
176.10000000000002	0.013720039488377753
176.20000000000002	0.013694049806031621
176.3	0.013668098573588605
176.4	0.01364218588261173
176.5	0.013616311823225064
176.60000000000002	0.0135904764841222
176.70000000000002	0.013564679952574746
176.8	0.013538922314440774
176.9	0.01351320365417329
177.	0.013487524054828667
177.10000000000002	0.0134618835980751
177.20000000000002	0.013436282364201045
177.3	0.013410720432123614
177.4	0.013385197879396994
177.5	0.013359714782220857
177.60000000000002	0.01333427121544871
177.70000000000002	0.013308867252596342
177.8	0.013283502965850078
177.9	0.013258178426075235
178.	0.013232893702824369
178.10000000000002	0.013207648864345656
178.20000000000002	0.01318244397759119
178.3	0.013157279108225242
178.4	0.013132154320632557
178.5	0.013107069677926624
178.60000000000002	0.01308202524195791
178.70000000000002	0.01305702107332211
178.8	0.013032057231368332
178.9	0.013007133774207301
179.	0.01298225075871955
179.10000000000002	0.012957408240563564
179.20000000000002	0.01293260627418397
179.3	0.012907844912819587
179.4	0.01288312420851159
179.5	0.012858444212111575
179.60000000000002	0.012833804973289622
179.70000000000002	0.01280920654054239
179.8	0.012784648961201085
179.9	0.012760132281439483
180.	0.01273565654628195
180.10000000000002	0.012711221799611368
180.20000000000002	0.012686828084177131
180.3	0.012662475441603005
180.4	0.012638163912395087
180.5	0.012613893535949655
180.60000000000002	0.012589664350561035
180.70000000000002	0.012565476393429453
180.8	0.012541329700668806
180.9	0.012517224307314502
181.	0.012493160247331199
181.10000000000002	0.012469137553620531
181.20000000000002	0.012445156258028873
181.3	0.012421216391355013
181.4	0.012397317983357808
181.5	0.012373461062763848
181.60000000000002	0.012349645657275076
181.70000000000002	0.012325871793576382
181.8	0.012302139497343179
181.9	0.012278448793248938
182.	0.012254799704972718
182.10000000000002	0.012231192255206646
182.20000000000002	0.012207626465663425
182.3	0.012184102357083735
182.4	0.012160619949243629
182.5	0.012137179260962012
182.60000000000002	0.012113780310107902
182.70000000000002	0.012090423113607838
182.8	0.012067107687453152
182.9	0.01204383404670724
183.	0.012020602205512857
183.10000000000002	0.011997412177099305
183.20000000000002	0.011974263973789659
183.3	0.011951157607007917
183.4	0.011928093087286158
183.5	0.011905070424271618
183.60000000000002	0.011882089626733835
183.70000000000002	0.011859150702571663
183.8	0.011836253658820323
183.9	0.011813398501658379
184.	0.01179058523641472
184.10000000000002	0.011767813867575515
184.20000000000002	0.011745084398791116
184.3	0.011722396832882932
184.4	0.01169975117185029
184.5	0.01167714741687727
184.60000000000002	0.011654585568339473
184.70000000000002	0.011632065625810829
184.8	0.011609587588070295
184.9	0.011587151453108563
185.	0.011564757218134759
185.10000000000002	0.01154240487958307
185.20000000000002	0.011520094433119379
185.3	0.011497825873647834
185.4	0.011475599195317389
185.5	0.011453414391528374
185.60000000000002	0.011431271454938932
185.70000000000002	0.011409170377471557
185.8	0.011387111150319453
185.9	0.011365093763952977
186.	0.011343118208126028
186.10000000000002	0.011321184471882318
186.20000000000002	0.011299292543561776
186.3	0.011277442410806785
186.4	0.011255634060568396
186.5	0.011233867479112616
186.60000000000002	0.011212142652026538
186.70000000000002	0.011190459564224545
186.8	0.011168818199954404
186.9	0.011147218542803377
187.	0.011125660575704277
187.10000000000002	0.0111041442809415
187.20000000000002	0.011082669640157054
187.3	0.01106123663435649
187.4	0.01103984524391487
187.5	0.01101849544858267
187.60000000000002	0.010997187227491649
187.70000000000002	0.010975920559160714
187.8	0.010954695421501738
187.9	0.010933511791825308
188.	0.010912369646846528
188.10000000000002	0.010891268962690699
188.20000000000002	0.010870209714899055
188.3	0.010849191878434387
188.4	0.010828215427686699
188.5	0.010807280336478781
188.60000000000002	0.010786386578071794
188.70000000000002	0.010765534125170813
188.8	0.010744722949930325
188.9	0.010723953023959688
189.	0.010703224318328609
189.10000000000002	0.010682536803572526
189.20000000000002	0.010661890449698022
189.3	0.010641285226188147
189.4	0.010620721102007735
189.5	0.01060019804560874
189.60000000000002	0.010579716024935447
189.70000000000002	0.01055927500742973
189.8	0.010538874960036224
189.9	0.01051851584920751
190.	0.010498197640909278
190.10000000000002	0.010477920300625361
190.20000000000002	0.010457683793362897
190.3	0.010437488083657302
190.4	0.010417333135577328
190.5	0.010397218912730042
190.60000000000002	0.010377145378265762
190.70000000000002	0.010357112494882999
190.8	0.010337120224833364
190.9	0.01031716852992639
191.	0.010297257371534401
191.10000000000002	0.010277386710597301
191.20000000000002	0.01025755650762737
191.3	0.010237766722713983
191.4	0.010218017315528323
191.5	0.010198308245328103
191.60000000000002	0.01017863947096216
191.70000000000002	0.010159010950875168
191.8	0.010139422643112137
191.9	0.010119874505323052
192.	0.010100366494767372
192.10000000000002	0.010080898568318555
192.20000000000002	0.010061470682468557
192.3	0.010042082793332224
192.4	0.01002273485665177
192.5	0.010003426827801152
192.60000000000002	0.009984158661790414
192.70000000000002	0.009964930313270047
192.8	0.009945741736535302
192.9	0.009926592885530414
193.	0.009907483713852916
193.10000000000002	0.009888414174757824
193.20000000000002	0.009869384221161837
193.3	0.0098503938056475
193.4	0.009831442880467342
193.5	0.009812531397547978
193.60000000000002	0.009793659308494193
193.70000000000002	0.009774826564592998
193.8	0.00975603311681765
193.9	0.009737278915831636
194.	0.009718563911992675
194.10000000000002	0.009699888055356605
194.20000000000002	0.009681251295681368
194.3	0.009662653582430838
194.4	0.009644094864778694
194.5	0.00962557509161227
194.60000000000002	0.009607094211536337
194.70000000000002	0.009588652172876915
194.8	0.009570248923684984
194.9	0.009551884411740224
195.	0.009533558584554739
195.10000000000002	0.009515271389376672
195.20000000000002	0.009497022773193921
195.3	0.009478812682737698
195.4	0.009460641064486146
195.5	0.009442507864667918
195.60000000000002	0.009424413029265692
195.70000000000002	0.0094063565040197
195.8	0.009388338234431226
195.9	0.009370358165766044
196.	0.009352416243057882
196.10000000000002	0.00933451241111181
196.20000000000002	0.009316646614507656
196.3	0.00929881879760335
196.4	0.00928102890453825
196.5	0.009263276879236476
196.60000000000002	0.009245562665410184
196.70000000000002	0.00922788620656285
196.8	0.009210247445992454
196.9	0.009192646326794758
197.	0.009175082791866452
197.10000000000002	0.009157556783908328
197.20000000000002	0.009140068245428434
197.3	0.009122617118745164
197.4	0.009105203345990376
197.5	0.009087826869112442
197.60000000000002	0.009070487629879297
197.70000000000002	0.009053185569881462
197.8	0.00903592063053504
197.9	0.009018692753084687
198.	0.009001501878606566
198.10000000000002	0.00898434794801126
198.20000000000002	0.00896723090204671
198.3	0.008950150681301052
198.4	0.008933107226205514
198.5	0.008916100477037215
198.60000000000002	0.008899130373922008
198.70000000000002	0.00888219685683725
198.8	0.008865299865614603
198.9	0.008848439339942714
199.	0.00883161521937001
199.10000000000002	0.008814827443307345
199.20000000000002	0.008798075951030724
199.3	0.008781360681683925
199.4	0.008764681574281145
199.5	0.008748038567709627
199.60000000000002	0.008731431600732231
199.70000000000002	0.00871486061199003
199.8	0.008698325540004824
199.9	0.008681826323181726
200.	0.008665362899811593
200.10000000000002	0.008648935208073586
200.20000000000002	0.008632543186037593
200.3	0.00861618677166669
200.4	0.008599865902819552
200.5	0.008583580517252875
200.60000000000002	0.008567330552623742
200.70000000000002	0.008551115946492016
200.8	0.00853493663632265
200.9	0.008518792559488023
201.	0.008502683653270253
201.10000000000002	0.00848660985486346
201.20000000000002	0.00847057110137606
201.3	0.008454567329832987
201.4	0.008438598477177917
201.5	0.008422664480275495
201.60000000000002	0.008406765275913483
201.70000000000002	0.008390900800804988
201.8	0.008375070991590548
201.9	0.008359275784840301
202.	0.00834351511705607
202.10000000000002	0.008327788924673488
202.20000000000002	0.008312097144064041
202.3	0.008296439711537141
202.4	0.00828081656334215
202.5	0.008265227635670414
202.60000000000002	0.008249672864657248
202.70000000000002	0.00823415218638393
202.8	0.008218665536879673
202.9	0.008203212852123535
203.	0.008187794068046407
203.10000000000002	0.008172409120532862
203.20000000000002	0.008157057945423101
203.3	0.0081417404785148
203.4	0.008126456655564983
203.5	0.008111206412291856
203.60000000000002	0.008095989684376637
203.70000000000002	0.00808080640746537
203.8	0.008065656517170715
203.9	0.008050539949073704
204.	0.008035456638725534
204.10000000000002	0.008020406521649275
204.20000000000002	0.008005389533341633
204.3	0.007990405609274616
204.4	0.007975454684897267
204.5	0.00796053669563732
204.60000000000002	0.00794565157690285
204.70000000000002	0.007930799264083962
204.8	0.007915979692554377
204.9	0.007901192797673061
205.	0.007886438514785831
205.10000000000002	0.007871716779226925
205.20000000000002	0.007857027526320589
205.3	0.007842370691382609
205.4	0.007827746209721854
205.5	0.007813154016641817
205.60000000000002	0.007798594047442084
205.70000000000002	0.007784066237419869
205.8	0.0077695705218714635
205.9	0.007755106836093713
206.	0.007740675115385463
206.10000000000002	0.007726275295048982
206.20000000000002	0.007711907310391405
206.3	0.007697571096726123
206.4	0.00768326658937417
206.5	0.007668993723665616
206.60000000000002	0.007654752434940916
206.70000000000002	0.0076405426585522745
206.8	0.007626364329864977
206.9	0.00761221738425869
207.	0.007598101757128812
207.10000000000002	0.007584017383887725
207.20000000000002	0.00756996419996612
207.3	0.0075559421408142235
207.4	0.007541951141903087
207.5	0.007527991138725803
207.60000000000002	0.007514062066798747
207.70000000000002	0.007500163861662812
207.8	0.007486296458884573
207.9	0.007472459794057508
208.	0.007458653802803164
208.10000000000002	0.007444878420772328
208.20000000000002	0.007431133583646184
208.3	0.007417419227137438
208.4	0.00740373528699146
208.5	0.007390081698987407
208.60000000000002	0.007376458398939304
208.70000000000002	0.007362865322697162
208.8	0.007349302406148049
208.9	0.007335769585217139
209.	0.007322266795868808
209.10000000000002	0.007308793974107645
209.20000000000002	0.007295351055979512
209.3	0.007281937977572539
209.4	0.0072685546750181585
209.5	0.007255201084492092
209.60000000000002	0.007241877142215339
209.70000000000002	0.007228582784455172
209.8	0.007215317947526073
209.9	0.007202082567790705
210.	0.007188876581660862
210.10000000000002	0.007175699925598389
210.20000000000002	0.0071625525361161185
210.3	0.0071494343497787655
210.4	0.007136345303203847
210.5	0.00712328533306256
210.60000000000002	0.007110254376080666
210.70000000000002	0.007097252369039364
210.8	0.00708427924877615
210.9	0.007071334952185662
211.	0.007058419416220529
211.10000000000002	0.007045532577892178
211.20000000000002	0.007032674374271694
211.3	0.007019844742490593
211.4	0.007007043619741634
211.5	0.006994270943279619
211.60000000000002	0.006981526650422154
211.70000000000002	0.006968810678550449
211.8	0.006956122965110048
211.9	0.006943463447611602
212.	0.00693083206363161
212.10000000000002	0.006918228750813138
212.20000000000002	0.006905653446866567
212.3	0.006893106089570289
212.4	0.006880586616771426
212.5	0.006868094966386513
212.60000000000002	0.0068556310764022
212.70000000000002	0.006843194884875932
212.8	0.006830786329936614
212.9	0.006818405349785267
213.	0.006806051882695698
213.10000000000002	0.00679372586701513
213.20000000000002	0.006781427241164853
213.3	0.006769155943640836
213.4	0.006756911913014362
213.5	0.006744695087932629
213.60000000000002	0.006732505407119359
213.70000000000002	0.00672034280937539
213.8	0.006708207233579271
213.9	0.006696098618687832
214.	0.006684016903736756
214.10000000000002	0.006671962027841142
214.20000000000002	0.006659933930196081
214.3	0.00664793255007717
214.4	0.006635957826841074
214.5	0.0066240096999260565
214.60000000000002	0.006612088108852492
214.70000000000002	0.006600192993223411
214.8	0.006588324292724974
214.9	0.006576481947127007
215.	0.006564665896283477
215.10000000000002	0.0065528760801329775
215.20000000000002	0.006541112438699236
215.3	0.0065293749120915595
215.4	0.006517663440505312
215.5	0.006505977964222377
215.60000000000002	0.0064943184236116065
215.70000000000002	0.006482684759129271
215.8	0.006471076911319494
215.9	0.006459494820814689
216.	0.006447938428335986
216.10000000000002	0.006436407674693638
216.20000000000002	0.006424902500787453
216.3	0.006413422847607195
216.4	0.006401968656232964
216.5	0.006390539867835615
216.60000000000002	0.006379136423677132
216.70000000000002	0.006367758265111024
216.8	0.006356405333582664
216.9	0.00634507757062969
217.	0.006333774917882361
217.10000000000002	0.006322497317063896
217.20000000000002	0.006311244709990852
217.3	0.006300017038573439
217.4	0.00628881424481588
217.5	0.006277636270816727
217.60000000000002	0.006266483058769196
217.70000000000002	0.006255354550961483
217.8	0.006244250689777096
217.9	0.00623317141769513
218.	0.006222116677290602
218.10000000000002	0.006211086411234728
218.20000000000002	0.006200080562295234
218.3	0.006189099073336631
218.4	0.006178141887320492
218.5	0.006167208947305742
218.60000000000002	0.006156300196448915
218.70000000000002	0.006145415578004435
218.8	0.00613455503532486
218.9	0.00612371851186115
219.	0.0061129059511629055
219.10000000000002	0.006102117296878619
219.20000000000002	0.006091352492755926
219.3	0.006080611482641815
219.4	0.0060698942104828795
219.5	0.006059200620325522
219.60000000000002	0.006048530656316198
219.70000000000002	0.006037884262701626
219.8	0.00602726138382898
219.9	0.006016661964146108
220.	0.0060060859482017415
220.10000000000002	0.0059955332806456724
220.20000000000002	0.00598500390622897
220.3	0.005974497769804145
220.4	0.005964014816325346
220.5	0.0059535549908485315
220.60000000000002	0.0059431182385316465
220.70000000000002	0.005932704504634803
220.8	0.005922313734520424
220.9	0.00591194587365342
221.	0.005901600867601341
221.10000000000002	0.00589127866203453
221.20000000000002	0.005880979202726276
221.3	0.00587070243555295
221.4	0.005860448306494144
221.5	0.0058502167616328255
221.60000000000002	0.005840007747155443
221.70000000000002	0.005829821209352081
221.8	0.005819657094616565
221.9	0.005809515349446587
222.	0.005799395920443826
222.10000000000002	0.005789298754314058
222.20000000000002	0.0057792237978672705
222.3	0.005769170998017757
222.4	0.005759140301784226
222.5	0.005749131656289899
222.60000000000002	0.005739145008762598
222.70000000000002	0.005729180306534849
222.8	0.00571923749704396
222.9	0.0057093165278320965
223.	0.005699417346546389
223.10000000000002	0.005689539900938971
223.20000000000002	0.005679684138867093
223.3	0.00566985000829316
223.4	0.005660037457284818
223.5	0.005650246434015005
223.60000000000002	0.005640476886762012
223.70000000000002	0.005630728763909555
223.8	0.0056210020139468115
223.9	0.0056112965854684714
224.	0.005601612427174794
224.10000000000002	0.005591949487871643
224.20000000000002	0.005582307716470541
224.3	0.0055726870619886865
224.4	0.005563087473549008
224.5	0.005553508900380182
224.60000000000002	0.005543951291816665
224.70000000000002	0.005534414597298736
224.8	0.005524898766372498
224.9	0.0055154037486898995
225.	0.005505929494008766
225.10000000000002	0.005496475952192809
225.20000000000002	0.0054870430732116265
225.3	0.005477630807140731
225.4	0.005468239104161544
225.5	0.005458867914561397
225.60000000000002	0.005449517188733539
225.70000000000002	0.005440186877177137
225.8	0.0054308769304972655
225.9	0.005421587299404903
226.	0.005412317934716918
226.10000000000002	0.005403068787356061
226.20000000000002	0.00539383980835096
226.3	0.005384630948836082
226.4	0.005375442160051732
226.5	0.005366273393344012
226.60000000000002	0.005357124600164826
226.70000000000002	0.005347995732071834
226.8	0.005338886740728416
226.9	0.005329797577903663
227.	0.005320728195472322
227.10000000000002	0.005311678545414772
227.20000000000002	0.005302648579816994
227.3	0.005293638250870509
227.4	0.0052846475108723565
227.5	0.005275676312225037
227.60000000000002	0.005266724607436466
227.70000000000002	0.005257792349119945
227.8	0.00524887948999408
227.9	0.005239985982882744
228.	0.005231111780715037
228.10000000000002	0.005222256836525197
228.20000000000002	0.005213421103452573
228.3	0.005204604534741539
228.4	0.005195807083741448
228.5	0.005187028703906563
228.60000000000002	0.005178269348795977
228.70000000000002	0.00516952897207358
228.8	0.005160807527507938
228.9	0.00515210496897227
229.	0.0051434212504443385
229.10000000000002	0.0051347563260063945
229.20000000000002	0.005126110149845096
229.3	0.005117482676251418
229.4	0.005108873859620589
229.5	0.005100283654451989
229.60000000000002	0.005091712015349082
229.70000000000002	0.005083158897019324
229.8	0.005074624254274073
229.9	0.0050661080420285
230.	0.005057610215301501
230.10000000000002	0.005049130729215604
230.20000000000002	0.005040669538996879
230.3	0.00503222659997483
230.4	0.005023801867582309
230.5	0.005015395297355417
230.60000000000002	0.005007006844933399
230.70000000000002	0.004998636466058544
230.8	0.004990284116576089
230.9	0.004981949752434104
231.	0.00497363332968339
231.10000000000002	0.004965334804477374
231.20000000000002	0.004957054133072003
231.3	0.0049487912718256324
231.4	0.0049405461771988984
231.5	0.004932318805754638
231.60000000000002	0.004924109114157746
231.70000000000002	0.004915917059175078
231.8	0.004907742597675322
231.9	0.00489958568662889
232.	0.0048914462831077905
232.10000000000002	0.004883324344285516
232.20000000000002	0.004875219827436921
232.3	0.004867132689938097
232.4	0.0048590628892662404
232.5	0.004851010382999548
232.60000000000002	0.00484297512881707
232.70000000000002	0.004834957084498603
232.8	0.004826956207924545
232.9	0.004818972457075769
233.	0.004811005790033503
233.10000000000002	0.0048030561649791866
233.20000000000002	0.004795123540194351
233.3	0.004787207874060474
233.4	0.004779309125058846
233.5	0.004771427251770443
233.60000000000002	0.004763562212875789
233.70000000000002	0.004755713967154808
233.8	0.0047478824734867
233.9	0.004740067690849786
234.	0.0047322695783213855
234.10000000000002	0.004724488095077655
234.20000000000002	0.004716723200393471
234.3	0.004708974853642265
234.4	0.00470124301429589
234.5	0.004693527641924467
234.60000000000002	0.0046858286961962555
234.70000000000002	0.004678146136877497
234.8	0.004670479923832264
234.9	0.004662830017022321
235.	0.004655196376506963
235.10000000000002	0.004647578962442884
235.20000000000002	0.004639977735084015
235.3	0.004632392654781374
235.4	0.004624823681982914
235.5	0.004617270777233368
235.60000000000002	0.004609733901174107
235.70000000000002	0.004602213014542973
235.8	0.004594708078174135
235.9	0.004587219052997923
236.	0.00457974590004068
236.10000000000002	0.0045722885804245945
236.20000000000002	0.004564847055367569
236.3	0.004557421286183027
236.4	0.0045500112342797775
236.5	0.004542616861161851
236.60000000000002	0.004535238128428337
236.70000000000002	0.004527874997773227
236.8	0.0045205274309852534
236.9	0.004513195389947716
237.	0.0045058788366383416
237.10000000000002	0.0044985777331291
237.20000000000002	0.004491292041586059
237.3	0.004484021724269208
237.4	0.0044767667435323
237.5	0.0044695270618226755
237.60000000000002	0.004462302641681116
237.70000000000002	0.004455093445741666
237.8	0.004447899436731468
237.9	0.004440720577470599
238.	0.004433556830871892
238.10000000000002	0.004426408159940793
238.20000000000002	0.004419274527775164
238.3	0.004412155897565134
238.4	0.0044050522325929245
238.5	0.004397963496232676
238.60000000000002	0.004390889651950279
238.70000000000002	0.004383830663303218
238.8	0.004376786493940378
238.9	0.004369757107601889
239.	0.004362742468118954
239.10000000000002	0.004355742539413663
239.20000000000002	0.0043487572854988485
239.3	0.004341786670477882
239.4	0.004334830658544527
239.5	0.004327889213982742
239.60000000000002	0.004320962301166527
239.70000000000002	0.00431404988455975
239.8	0.004307151928715953
239.9	0.0043002683982782
240.	0.004293399257978885
240.10000000000002	0.00428654447263957
240.20000000000002	0.004279704007170804
240.3	0.004272877826571953
240.4	0.0042660658959310085
240.5	0.004259268180424435
240.60000000000002	0.0042524846453169726
240.70000000000002	0.004245715255961477
240.8	0.004238959977798732
240.9	0.004232218776357282
241.	0.004225491617253239
241.10000000000002	0.004218778466190121
241.20000000000002	0.004212079288958677
241.3	0.004205394051436693
241.4	0.004198722719588824
241.5	0.004192065259466412
241.60000000000002	0.004185421637207319
241.70000000000002	0.00417879181903574
241.8	0.004172175771262017
241.9	0.004165573460282473
242.	0.0041589848525792296
242.10000000000002	0.004152409914720025
242.20000000000002	0.004145848613358038
242.3	0.004139300915231708
242.4	0.004132766787164556
242.5	0.004126246196065004
242.60000000000002	0.0041197391089261935
242.70000000000002	0.004113245492825811
242.8	0.00410676531492591
242.9	0.004100298542472718
243.	0.004093845142796474
243.10000000000002	0.004087405083311233
243.20000000000002	0.004080978331514697
243.3	0.004074564854988033
243.4	0.004068164621395682
243.5	0.0040617775984852006
243.60000000000002	0.004055403754087051
243.70000000000002	0.004049043056114455
243.8	0.004042695472563179
243.9	0.00403636097151138
244.	0.0040300395211194185
244.10000000000002	0.004023731089629663
244.20000000000002	0.004017435645366332
244.3	0.004011153156735301
244.4	0.004004883592223916
244.5	0.003998626920400832
244.60000000000002	0.003992383109915809
244.70000000000002	0.003986152129499558
244.8	0.003979933947963536
244.9	0.00397372853419978
245.	0.003967535857180716
245.10000000000002	0.00396135588595899
245.20000000000002	0.003955188589667285
245.3	0.003949033937518132
245.4	0.003942891898803737
245.5	0.003936762442895798
245.60000000000002	0.0039306455392453254
245.70000000000002	0.003924541157382468
245.8	0.003918449266916319
245.9	0.003912369837534747
246.	0.003906302839004213
246.10000000000002	0.0039002482411695854
246.20000000000002	0.003894206013953974
246.3	0.0038881761273585323
246.4	0.003882158551462286
246.5	0.0038761532564219594
246.60000000000002	0.0038701602124717803
246.70000000000002	0.0038641793899233225
246.8	0.003858210759165303
246.9	0.003852254290663416
247.	0.0038463099549601513
247.10000000000002	0.0038403777226746127
247.20000000000002	0.0038344575645023475
247.3	0.0038285494512151534
247.4	0.0038226533536609114
247.5	0.0038167692427634003
247.60000000000002	0.0038108970895221177
247.70000000000002	0.0038050368650121152
247.8	0.003799188540383799
247.9	0.003793352086862765
248.	0.0037875274757496187
248.10000000000002	0.003781714678419792
248.20000000000002	0.0037759136663233794
248.3	0.003770124410984937
248.4	0.0037643468840033293
248.5	0.0037585810570515362
248.60000000000002	0.003752826901876478
248.70000000000002	0.003747084390298848
248.8	0.0037413534942129234
248.9	0.0037356341855863924
249.	0.0037299264364601815
249.10000000000002	0.0037242302189482743
249.20000000000002	0.0037185455052375404
249.3	0.0037128722675875527
249.4	0.003707210478330417
249.5	0.00370156010987059
249.60000000000002	0.003695921134684714
249.70000000000002	0.0036902935253214325
249.8	0.003684677254401216
249.9	0.0036790722946161906
250.	0.003673478618729966
250.10000000000002	0.003667896199577445
250.20000000000002	0.0036623250100646693
250.3	0.0036567650231686378
250.4	0.003651216211937123
250.5	0.003645678549488512
250.60000000000002	0.0036401520090116215
250.70000000000002	0.0036346365637655344
250.8	0.003629132187079415
250.9	0.0036236388523523473
251.	0.0036181565330531545
251.10000000000002	0.0036126852027202265
251.20000000000002	0.0036072248349613575
251.3	0.00360177540345356
251.4	0.0035963368819428984
251.5	0.003590909244244324
251.60000000000002	0.0035854924642414903
251.70000000000002	0.0035800865158865983
251.8	0.003574691373200207
251.9	0.0035693070102710777
252.	0.0035639334012559963
252.10000000000002	0.0035585705203795997
252.20000000000002	0.003553218341934219
252.3	0.003547876840279696
252.4	0.0035425459898432176
252.5	0.003537225765119149
252.60000000000002	0.0035319161406688606
252.70000000000002	0.0035266170911205674
252.8	0.0035213285911691473
252.9	0.0035160506155759853
253.	0.0035107831391687967
253.10000000000002	0.003505526136841461
253.20000000000002	0.0035002795835538648
253.3	0.0034950434543317126
253.4	0.003489817724266381
253.5	0.0034846023685147403
253.60000000000002	0.00347939736229899
253.70000000000002	0.0034742026809064957
253.8	0.003469018299689622
253.9	0.003463844194065559
254.	0.0034586803395161687
254.10000000000002	0.0034535267115878114
254.20000000000002	0.003448383285891186
254.3	0.003443250038101159
254.4	0.0034381269439566066
254.5	0.003433013979260246
254.60000000000002	0.0034279111198784727
254.70000000000002	0.003422818341741199
254.8	0.0034177356208416883
254.9	0.0034126629332363904
255.	0.003407600255044781
255.10000000000002	0.003402547562449201
255.20000000000002	0.003397504831694691
255.3	0.0033924720390888312
255.4	0.003387449161001576
255.5	0.0033824361738650985
255.60000000000002	0.0033774330541736235
255.70000000000002	0.0033724397784832758
255.8	0.003367456323411904
255.9	0.003362482665638934
256.	0.003357518781905208
256.1	0.0033525646490128124
256.20000000000005	0.0033476202438249385
256.3	0.0033426855432657034
256.4	0.003337760524320002
256.5	0.0033328451640333456
256.6	0.003327939439511708
256.70000000000005	0.0033230433279213593
256.8	0.0033181568064887205
256.9	0.0033132798525001886
257.	0.0033084124433019903
257.1	0.0033035545563000314
257.20000000000005	0.003298706168959731
257.3	0.003293867258805866
257.4	0.0032890378034224157
257.5	0.0032842177804524053
257.6	0.00327940716759776
257.70000000000005	0.003274605942619133
257.8	0.0032698140833357725
257.9	0.0032650315676253463
258.	0.003260258373423793
258.1	0.0032554944787251826
258.20000000000005	0.0032507398615815456
258.3	0.0032459945001027325
258.4	0.0032412583724562454
258.5	0.0032365314568671005
258.6	0.003231813731617673
258.70000000000005	0.0032271051750475364
258.8	0.0032224057655533267
258.9	0.0032177154815885693
259.	0.003213034301663547
259.1	0.003208362204345142
259.20000000000005	0.0032036991682566846
259.3	0.0031990451720778084
259.4	0.00319440019454429
259.5	0.003189764214447908
259.6	0.0031851372106362946
259.70000000000005	0.0031805191620127827
259.8	0.0031759100475362624
259.9	0.0031713098462210197
260.	0.0031667185371366054
260.1	0.0031621360994076777
260.20000000000005	0.00315756251221386
260.3	0.003152997754789588
260.4	0.0031484418064239694
260.5	0.0031438946464606276
260.6	0.0031393562542975733
260.70000000000005	0.0031348266093870368
260.8	0.003130305691235346
260.9	0.003125793479402759
261.	0.0031212899535033273
261.1	0.003116795093204767
261.20000000000005	0.00311230887822829
261.3	0.003107831288348475
261.4	0.0031033623033931202
261.5	0.003098901903243099
261.6	0.0030944500678322193
261.70000000000005	0.0030900067771470786
261.8	0.003085572011226931
261.9	0.0030811457501635263
262.	0.003076727974100981
262.1	0.00307231866323564
262.20000000000005	0.0030679177978159356
262.3	0.0030635253581422343
262.4	0.0030591413245667043
262.5	0.003054765677493179
262.6	0.003050398397377014
262.70000000000005	0.0030460394647249455
262.8	0.003041688860094959
262.9	0.00303734656409614
263.	0.0030330125573885375
263.1	0.0030286868206830355
263.2	0.003024369334741208
263.3	0.003020060080375176
263.40000000000003	0.003015759038447482
263.5	0.0030114661898709492
263.6	0.003007181515608537
263.7	0.003002904996673217
263.8	0.0029986366141278253
263.90000000000003	0.0029943763490849376
264.	0.00299012418270673
264.1	0.0029858800962048377
264.2	0.002981644070840232
264.3	0.0029774160879230734
264.40000000000003	0.0029731961288125904
264.5	0.0029689841749169377
264.6	0.002964780207693058
264.7	0.002960584208646567
264.8	0.0029563961593315987
264.90000000000003	0.0029522160413506904
265.	0.0029480438363546422
265.1	0.0029438795260423823
265.2	0.002939723092160845
265.3	0.00293557451650483
265.40000000000003	0.0029314337809168826
265.5	0.0029273008672871513
265.6	0.00292317575755326
265.7	0.0029190584337001908
265.8	0.0029149488777601333
265.90000000000003	0.0029108470718123723
266.	0.002906752997983156
266.1	0.002902666638445557
266.2	0.002898587975419357
266.3	0.0028945169911709103
266.40000000000003	0.0028904536680130185
266.5	0.0028863979883048097
266.6	0.0028823499344515957
266.7	0.002878309488904764
266.8	0.0028742766341616345
266.90000000000003	0.002870251352765344
267.	0.002866233627304719
267.1	0.0028622234404141467
267.2	0.0028582207747734527
267.3	0.0028542256131077713
267.40000000000003	0.0028502379381874303
267.5	0.002846257732827819
267.6	0.0028422849798892635
267.7	0.0028383196622769075
267.8	0.002834361762940586
267.90000000000003	0.0028304112648747087
268.	0.002826468151118127
268.1	0.0028225324047540163
268.2	0.0028186040089097585
268.3	0.0028146829467568086
268.40000000000003	0.0028107692015105867
268.5	0.0028068627564303513
268.6	0.0028029635948190715
268.7	0.002799071700023319
268.8	0.0027951870554331357
268.90000000000003	0.002791309644481923
269.	0.0027874394506463202
269.1	0.002783576457446076
269.2	0.0027797206484439477
269.3	0.0027758720072455618
269.40000000000003	0.0027720305174993073
269.5	0.002768196162896224
269.6	0.002764368927169864
269.7	0.002760548794096197
269.8	0.002756735747493473
269.90000000000003	0.0027529297712221225
270.	0.0027491308491846304
270.1	0.002745338965325416
270.2	0.002741554103630731
270.3	0.0027377762481285263
270.40000000000003	0.0027340053828883537
270.5	0.002730241492021239
270.6	0.002726484559679566
270.7	0.002722734570056976
270.8	0.0027189915073882348
270.90000000000003	0.002715255355949133
271.	0.002711526100056369
271.1	0.002707803724067428
271.2	0.002704088212380482
271.3	0.0027003795494342634
271.40000000000003	0.002696677719707964
271.5	0.002692982707721117
271.6	0.002689294498033482
271.7	0.002685613075244946
271.8	0.002681938423995395
271.90000000000003	0.002678270528964613
272.	0.0026746093748721764
272.1	0.0026709549464773285
272.2	0.002667307228578886
272.3	0.0026636662060151133
272.40000000000003	0.002660031863663625
272.5	0.0026564041864412737
272.6	0.002652783159304035
272.7	0.002649168767246908
272.8	0.0026455609953038002
272.90000000000003	0.0026419598285474205
273.	0.0026383652520891782
273.1	0.0026347772510790612
273.2	0.0026311958107055468
273.3	0.0026276209161954756
273.40000000000003	0.002624052552813959
273.5	0.0026204907058642738
273.6	0.002616935360687741
273.7	0.0026133865026636365
273.8	0.002609844117209073
273.90000000000003	0.002606308189778905
274.	0.002602778705865622
274.1	0.0025992556509992315
274.2	0.0025957390107471732
274.3	0.0025922287707141997
274.40000000000003	0.0025887249165422836
274.5	0.002585227433910507
274.6	0.002581736308534958
274.7	0.002578251526168636
274.8	0.0025747730726013362
274.90000000000003	0.00257130093365956
275.	0.002567835095206405
275.1	0.0025643755431414596
275.2	0.002560922263400715
275.3	0.002557475241956448
275.40000000000003	0.002554034464817137
275.5	0.0025505999180273436
275.6	0.0025471715876676203
275.7	0.0025437494598544155
275.8	0.002540333520739963
275.90000000000003	0.002536923756512191
276.	0.0025335201533946174
276.1	0.002530122697646254
276.2	0.0025267313755615033
276.3	0.002523346173470063
276.40000000000003	0.002519967077736832
276.5	0.0025165940747618044
276.6	0.0025132271509799692
276.7	0.0025098662928612304
276.8	0.002506511486910286
276.90000000000003	0.0025031627196665505
277.	0.0024998199777040487
277.1	0.0024964832476313172
277.2	0.0024931525160913196
277.3	0.002489827769761334
277.40000000000003	0.0024865089953528723
277.5	0.0024831961796115787
277.6	0.002479889309317131
277.7	0.002476588371283152
277.8	0.0024732933523571093
277.90000000000003	0.0024700042394202293
278.	0.002466721019387393
278.1	0.002463443679207047
278.2	0.002460172205861115
278.3	0.0024569065863648894
278.40000000000003	0.002453646807766955
278.5	0.0024503928571490913
278.6	0.0024471447216261695
278.7	0.0024439023883460784
278.8	0.002440665844489615
278.90000000000003	0.002437435077270401
279.	0.0024342100739347975
279.1	0.002430990821761797
279.2	0.0024277773080629496
279.3	0.0024245695201822615
279.40000000000003	0.0024213674454961064
279.5	0.002418171071413143
279.6	0.0024149803853742093
279.7	0.0024117953748522504
279.8	0.002408616027352217
279.90000000000003	0.0024054423304109788
280.	0.0024022742715972406
280.1	0.002399111838511446
280.2	0.0023959550187856943
280.3	0.002392803800083648
280.40000000000003	0.0023896581701004526
280.5	0.002386518116562639
280.6	0.002383383627228039
280.7	0.002380254689885705
280.8	0.0023771312923558108
280.90000000000003	0.0023740134224895775
281.	0.0023709010681691807
281.1	0.0023677942173076574
281.2	0.0023646928578488356
281.3	0.0023615969777672336
281.40000000000003	0.0023585065650679835
281.5	0.002355421607786746
281.6	0.0023523420939896163
281.7	0.00234926801177305
281.8	0.00234619934926377
281.90000000000003	0.0023431360946186896
282.	0.002340078236024825
282.1	0.0023370257616992063
282.2	0.002333978659888806
282.3	0.0023309369188704407
282.40000000000003	0.0023279005269507
282.5	0.002324869472465862
282.6	0.0023218437437817997
282.7	0.0023188233292939136
282.8	0.0023158082174270372
282.90000000000003	0.0023127983966353643
283.	0.002309793855402364
283.1	0.0023067945822406893
283.2	0.0023038005656921177
283.3	0.002300811794327446
283.40000000000003	0.0022978282567464275
283.5	0.0022948499415776816
283.6	0.0022918768374786173
283.7	0.0022889089331353516
283.8	0.0022859462172626294
283.90000000000003	0.002282988678603744
284.	0.0022800363059304633
284.1	0.002277089088042938
284.2	0.0022741470137696337
284.3	0.0022712100719672465
284.40000000000003	0.0022682782515206262
284.5	0.002265351541342702
284.6	0.002262429930374394
284.7	0.002259513407584547
284.8	0.002256601961969844
284.90000000000003	0.002253695582554731
285.	0.002250794258391347
285.1	0.0022478979785594344
285.2	0.0022450067321662707
285.3	0.002242120508346591
285.40000000000003	0.0022392392962625103
285.5	0.0022363630851034476
285.6	0.002233491864086046
285.7	0.002230625622454108
285.8	0.0022277643494785075
285.90000000000003	0.0022249080344571206
286.	0.002222056666714755
286.1	0.0022192102356030623
286.2	0.0022163687305004755
286.3	0.0022135321408121296
286.40000000000003	0.0022107004559697883
286.5	0.0022078736654317717
286.6	0.0022050517586828747
286.7	0.002202234725234305
286.8	0.0021994225546236004
286.90000000000003	0.002196615236414561
287.	0.0021938127601971768
287.1	0.0021910151155875458
287.2	0.002188222292227819
287.3	0.0021854342797861053
287.40000000000003	0.0021826510679564203
287.5	0.0021798726464586048
287.6	0.002177099005038248
287.7	0.002174330133466631
287.8	0.002171566021540638
287.90000000000003	0.0021688066590827004
288.	0.0021660520359407178
288.1	0.0021633021419879845
288.2	0.0021605569671231304
288.3	0.0021578165012700367
288.40000000000003	0.0021550807343777793
288.5	0.0021523496564205494
288.6	0.002149623257397586
288.7	0.002146901527333113
288.8	0.002144184456276254
288.90000000000003	0.002141472034300985
289.	0.002138764251506051
289.1	0.0021360610980148942
289.2	0.0021333625639756017
289.3	0.002130668639560822
289.40000000000003	0.002127979314967699
289.5	0.002125294580417819
289.6	0.0021226144261571197
289.7	0.0021199388424558443
289.8	0.002117267819608456
289.90000000000003	0.002114601347933586
290.	0.002111939417773959
290.1	0.002109282019496325
290.2	0.0021066291434914
290.3	0.002103980780173787
290.40000000000003	0.0021013369199819297
290.5	0.0020986975533780292
290.6	0.0020960626708479806
290.7	0.0020934322629013176
290.8	0.0020908063200711334
290.90000000000003	0.0020881848329140284
291.	0.002085567792010042
291.1	0.0020829551879625757
291.2	0.0020803470113983464
291.3	0.002077743252967309
291.40000000000003	0.002075143903342599
291.5	0.0020725489532204696
291.6	0.0020699583933202173
291.7	0.002067372214384132
291.8	0.0020647904071774224
291.90000000000003	0.0020622129624881624
292.	0.00205963987112722
292.1	0.0020570711239281947
292.2	0.0020545067117473653
292.3	0.00205194662546361
292.40000000000003	0.002049390855978362
292.5	0.0020468393942155347
292.6	0.0020442922311214623
292.7	0.0020417493576648424
292.8	0.0020392107648366706
292.90000000000003	0.0020366764436501807
293.	0.0020341463851407814
293.1	0.0020316205803659936
293.2	0.0020290990204054012
293.3	0.0020265816963605694
293.40000000000003	0.002024068599355004
293.5	0.0020215597205340843
293.6	0.0020190550510649943
293.7	0.002016554582136676
293.8	0.0020140583049597606
293.90000000000003	0.002011566210766513
294.	0.002009078290810772
294.1	0.002006594536367886
294.2	0.002004114938734663
294.3	0.002001639489229301
294.40000000000003	0.001999168179191337
294.5	0.0019967009999815885
294.6	0.0019942379429820855
294.7	0.001991778999596026
294.8	0.0019893241612477046
294.90000000000003	0.001986873419382465
295.	0.0019844267654666368
295.1	0.0019819841909874784
295.2	0.0019795456874531184
295.3	0.0019771112463925038
295.40000000000003	0.001974680859355335
295.5	0.001972254517912016
295.6	0.001969832213653591
295.7	0.0019674139381916935
295.8	0.001964999683158486
295.90000000000003	0.001962589440206606
296.	0.0019601832010091107
296.1	0.001957780957259413
296.2	0.0019553827006712396
296.3	0.0019529884229785598
296.40000000000003	0.0019505981159355442
296.5	0.0019482117713165018
296.6	0.0019458293809158209
296.7	0.0019434509365479267
296.8	0.001941076430047213
296.90000000000003	0.001938705853267995
297.	0.001936339198084455
297.1	0.001933976456390581
297.2	0.001931617620100126
297.3	0.0019292626811465363
297.40000000000003	0.001926911631482913
297.5	0.0019245644630819512
297.6	0.001922221167935884
297.7	0.0019198817380564363
297.8	0.001917546165474763
297.90000000000003	0.0019152144422414058
298.	0.0019128865604262331
298.1	0.0019105625121183841
298.2	0.0019082422894262287
298.3	0.0019059258844772995
298.40000000000003	0.0019036132894182543
298.5	0.001901304496414813
298.6	0.0018989994976517071
298.7	0.0018966982853326363
298.8	0.0018944008516802043
298.90000000000003	0.0018921071889358761
299.	0.0018898172893599254
299.1	0.0018875311452313775
299.2	0.0018852487488479673
299.3	0.0018829700925260793
299.40000000000003	0.001880695168600702
299.5	0.001878423969425379
299.6	0.0018761564873721488
299.7	0.0018738927148315094
299.8	0.001871632644212353
299.90000000000003	0.0018693762679419241
300.	0.0018671235784657734