1.00000000e+01 4.13913224e-01
1.01160000e+01 4.15161277e-01
1.02330000e+01 4.16385284e-01
1.03520000e+01 4.17595196e-01
1.04720000e+01 4.18780344e-01
1.05930000e+01 4.19940720e-01
1.07160000e+01 4.21085512e-01
1.08400000e+01 4.22205047e-01
1.09660000e+01 4.23308041e-01
1.10930000e+01 4.24385471e-01
1.12210000e+01 4.25437495e-01
1.13520000e+01 4.26479985e-01
1.14830000e+01 4.27488918e-01
1.16160000e+01 4.28479979e-01
1.17510000e+01 4.29452736e-01
1.18870000e+01 4.30399983e-01
1.20250000e+01 4.31328702e-01
1.21640000e+01 4.32232234e-01
1.23050000e+01 4.33117192e-01
1.24480000e+01 4.33983387e-01
1.25920000e+01 4.34824960e-01
1.27380000e+01 4.35647982e-01
1.28860000e+01 4.36452411e-01
1.30350000e+01 4.37233113e-01
1.31860000e+01 4.37995668e-01
1.33390000e+01 4.38740153e-01
1.34940000e+01 4.39466713e-01
1.36500000e+01 4.40171082e-01
1.38080000e+01 4.40858249e-01
1.39680000e+01 4.41528457e-01
1.41300000e+01 4.42181979e-01
1.42940000e+01 4.42819136e-01
1.44600000e+01 4.43440277e-01
1.46270000e+01 4.44042258e-01
1.47970000e+01 4.44632692e-01
1.49680000e+01 4.45205068e-01
1.51420000e+01 4.45766546e-01
1.53170000e+01 4.46311149e-01
1.54950000e+01 4.46845613e-01
1.56750000e+01 4.47367309e-01
1.58560000e+01 4.47874035e-01
1.60400000e+01 4.48326521e-01
1.62260000e+01 4.48698062e-01
1.64140000e+01 4.49038544e-01
1.66040000e+01 4.49359534e-01
1.67970000e+01 4.49661139e-01
1.69910000e+01 4.49937400e-01
1.71880000e+01 4.50183766e-01
1.73880000e+01 4.50337395e-01
1.75890000e+01 4.50467391e-01
1.77930000e+01 4.50609154e-01
1.79990000e+01 4.50772275e-01
1.82080000e+01 4.50945295e-01
1.84190000e+01 4.51128962e-01
1.86320000e+01 4.51325175e-01
1.88480000e+01 4.51524654e-01
1.90670000e+01 4.51741815e-01
1.92880000e+01 4.51959470e-01
1.95110000e+01 4.52196251e-01
1.97380000e+01 4.52437664e-01
1.99660000e+01 4.52683147e-01
2.01980000e+01 4.52933734e-01
2.04320000e+01 4.53203233e-01
2.06690000e+01 4.53463058e-01
2.09080000e+01 4.53754167e-01
2.11510000e+01 4.53415244e-01
2.13960000e+01 4.52756818e-01
2.16440000e+01 4.52143491e-01
2.18950000e+01 4.51562678e-01
2.21490000e+01 4.50990374e-01
2.24050000e+01 4.50443363e-01
2.26650000e+01 4.49914894e-01
2.29280000e+01 4.49398790e-01
2.31930000e+01 4.48880198e-01
2.34620000e+01 4.48370664e-01
2.37340000e+01 4.47868982e-01
2.40090000e+01 4.47372509e-01
2.42880000e+01 4.46863986e-01
2.45690000e+01 4.46357913e-01
2.48540000e+01 4.45853885e-01
2.51420000e+01 4.45343750e-01
2.54330000e+01 4.44822822e-01
2.57280000e+01 4.44292275e-01
2.60260000e+01 4.43746366e-01
2.63280000e+01 4.43182206e-01
2.66330000e+01 4.42594858e-01
2.69420000e+01 4.41949918e-01
2.72540000e+01 4.41108327e-01
2.75700000e+01 4.40273666e-01
2.78900000e+01 4.39541877e-01
2.82130000e+01 4.38815739e-01
2.85400000e+01 4.38088575e-01
2.88710000e+01 4.37443087e-01
2.92060000e+01 4.36825352e-01
2.95440000e+01 4.36230199e-01
2.98870000e+01 4.35657821e-01
3.02330000e+01 4.35122225e-01
3.05830000e+01 4.34599081e-01
3.09380000e+01 4.34095347e-01
3.12960000e+01 4.33729429e-01
3.16590000e+01 4.33285291e-01
3.20260000e+01 4.32934427e-01
3.23970000e+01 4.32566126e-01
3.27730000e+01 4.32293725e-01
3.31530000e+01 4.32029663e-01
3.35370000e+01 4.31801165e-01
3.39260000e+01 4.31617869e-01
3.43190000e+01 4.31477884e-01
3.47170000e+01 4.31370262e-01
3.51190000e+01 4.31316300e-01
3.55260000e+01 4.31332948e-01
3.59380000e+01 4.31376809e-01
3.63550000e+01 4.31471830e-01
3.67760000e+01 4.31605730e-01
3.72020000e+01 4.31796756e-01
3.76340000e+01 4.32039407e-01
3.80700000e+01 4.32306438e-01
3.85110000e+01 4.32627519e-01
3.89570000e+01 4.33007954e-01
3.94090000e+01 4.33437550e-01
3.98660000e+01 4.33897976e-01
4.03280000e+01 4.34427548e-01
4.07950000e+01 4.35012982e-01
4.12680000e+01 4.35642170e-01
4.17470000e+01 4.36342695e-01
4.22300000e+01 4.37100806e-01
4.27200000e+01 4.37945176e-01
4.32150000e+01 4.38860748e-01
4.37160000e+01 4.39818890e-01
4.42230000e+01 4.40823862e-01
4.47350000e+01 4.41874969e-01
4.52540000e+01 4.42961494e-01
4.57780000e+01 4.44086707e-01
4.63090000e+01 4.45249071e-01
4.68460000e+01 4.46467561e-01
4.73890000e+01 4.47713564e-01
4.79380000e+01 4.48997358e-01
4.84940000e+01 4.50322067e-01
4.90560000e+01 4.51689852e-01
4.96240000e+01 4.53097868e-01
5.02000000e+01 4.54546535e-01
5.07820000e+01 4.56027128e-01
5.13700000e+01 4.57536565e-01
5.19660000e+01 4.59110991e-01
5.25680000e+01 4.60696236e-01
5.31770000e+01 4.62316598e-01
5.37940000e+01 4.63985359e-01
5.44170000e+01 4.65691442e-01
5.50480000e+01 4.67418263e-01
5.56860000e+01 4.69193885e-01
5.63310000e+01 4.70987071e-01
5.69840000e+01 4.72839955e-01
5.76450000e+01 4.74714462e-01
5.83130000e+01 4.76601768e-01
5.89890000e+01 4.78543145e-01
5.96730000e+01 4.80513411e-01
6.03640000e+01 4.82516707e-01
6.10640000e+01 4.84531180e-01
6.17720000e+01 4.86593804e-01
6.24880000e+01 4.88692390e-01
6.32120000e+01 4.90819395e-01
6.39450000e+01 4.92957430e-01
6.46860000e+01 4.95140059e-01
6.54360000e+01 4.97361358e-01
6.61940000e+01 4.99587472e-01
6.69620000e+01 5.01847137e-01
6.77380000e+01 5.04132292e-01
6.85230000e+01 5.06467661e-01
6.93170000e+01 5.08814587e-01
7.01210000e+01 5.11183196e-01
7.09330000e+01 5.13572278e-01
7.17560000e+01 5.16012124e-01
7.25870000e+01 5.18459226e-01
7.34290000e+01 5.20949934e-01
7.42800000e+01 5.23452659e-01
7.51410000e+01 5.25986752e-01
7.60120000e+01 5.28532491e-01
7.68930000e+01 5.31120950e-01
7.77840000e+01 5.33724715e-01
7.86860000e+01 5.36355796e-01
7.95980000e+01 5.38999046e-01
8.05200000e+01 5.41688513e-01
8.14540000e+01 5.44399530e-01
8.23980000e+01 5.47107431e-01
8.33530000e+01 5.49863433e-01
8.43190000e+01 5.52627924e-01
8.52960000e+01 5.55426486e-01
8.62850000e+01 5.58237560e-01
8.72850000e+01 5.61068897e-01
8.82970000e+01 5.63926028e-01
8.93200000e+01 5.66819399e-01
9.03560000e+01 5.69708893e-01
9.14030000e+01 5.72621626e-01
9.24630000e+01 5.75577366e-01
9.35340000e+01 5.78531807e-01
9.46180000e+01 5.81502088e-01
9.57150000e+01 5.84485511e-01
9.68250000e+01 5.87508395e-01
9.79470000e+01 5.90523057e-01
9.90820000e+01 5.93559401e-01
1.00231000e+02 5.96521094e-01
1.01393000e+02 5.99039238e-01
1.02568000e+02 6.01558956e-01
1.03757000e+02 6.04076292e-01
1.04959000e+02 6.06593730e-01
1.06176000e+02 6.09091252e-01
1.07407000e+02 6.11585686e-01
1.08652000e+02 6.14085910e-01
1.09911000e+02 6.16559540e-01
1.11185000e+02 6.19021768e-01
1.12474000e+02 6.21495013e-01
1.13777000e+02 6.23939432e-01
1.15096000e+02 6.26409423e-01
1.16430000e+02 6.28858695e-01
1.17780000e+02 6.31272336e-01
1.19145000e+02 6.33684296e-01
1.20526000e+02 6.36094451e-01
1.21923000e+02 6.38507963e-01
1.23336000e+02 6.40895967e-01
1.24766000e+02 6.43278373e-01
1.26212000e+02 6.45654979e-01
1.27675000e+02 6.48012465e-01
1.29155000e+02 6.50359758e-01
1.30652000e+02 6.52704372e-01
1.32166000e+02 6.55034564e-01
1.33698000e+02 6.57351856e-01
1.35248000e+02 6.59673290e-01
1.36816000e+02 6.61975448e-01
1.38402000e+02 6.64267622e-01
1.40006000e+02 6.66550084e-01
1.41629000e+02 6.68827516e-01
1.43270000e+02 6.71103548e-01
1.44931000e+02 6.73351417e-01
1.46611000e+02 6.75600553e-01
1.48310000e+02 6.77852761e-01
1.50029000e+02 6.80079699e-01
1.51768000e+02 6.82301805e-01
1.53528000e+02 6.84528279e-01
1.55307000e+02 6.86736842e-01
1.57107000e+02 6.88946784e-01
1.58928000e+02 6.91139095e-01
1.60770000e+02 6.93327173e-01
1.62634000e+02 6.95518663e-01
1.64519000e+02 6.97691687e-01
1.66426000e+02 6.99865235e-01
1.68355000e+02 7.02026840e-01
1.70307000e+02 7.04179032e-01
1.72281000e+02 7.06330951e-01
1.74277000e+02 7.08467356e-01
1.76298000e+02 7.10616777e-01
1.78341000e+02 7.12744665e-01
1.80408000e+02 7.14869177e-01
1.82499000e+02 7.16991742e-01
1.84615000e+02 7.19106512e-01
1.86755000e+02 7.21216769e-01
1.88919000e+02 7.23310041e-01
1.91109000e+02 7.25410907e-01
1.93324000e+02 7.27492957e-01
1.95565000e+02 7.29577350e-01
1.97832000e+02 7.31644022e-01
2.00125000e+02 7.33712278e-01
2.02445000e+02 7.35763123e-01
2.04791000e+02 7.37812413e-01
2.07165000e+02 7.39850796e-01
2.09566000e+02 7.41882450e-01
2.11995000e+02 7.43900553e-01
2.14453000e+02 7.45913573e-01
2.16938000e+02 7.47911368e-01
2.19453000e+02 7.49903380e-01
2.21997000e+02 7.51882119e-01
2.24570000e+02 7.53851909e-01
2.27173000e+02 7.55809510e-01
2.29806000e+02 7.57749340e-01
2.32470000e+02 7.59681714e-01
2.35164000e+02 7.61596769e-01
2.37890000e+02 7.63502243e-01
2.40648000e+02 7.65396528e-01
2.43437000e+02 7.67273880e-01
2.46259000e+02 7.69137795e-01
2.49113000e+02 7.70989019e-01
2.52000000e+02 7.72824883e-01
2.54921000e+02 7.74643071e-01
2.57876000e+02 7.76449014e-01
2.60865000e+02 7.78239058e-01
2.63889000e+02 7.80013459e-01
2.66948000e+02 7.81772660e-01
2.70042000e+02 7.83517391e-01
2.73172000e+02 7.85246591e-01
2.76339000e+02 7.86961907e-01
2.79542000e+02 7.88662312e-01
2.82782000e+02 7.90346670e-01
2.86060000e+02 7.92019730e-01
2.89375000e+02 7.93676120e-01
2.92729000e+02 7.95318921e-01
2.96123000e+02 7.96947960e-01
2.99555000e+02 7.98563387e-01
3.03027000e+02 8.00164284e-01
3.06540000e+02 8.01752633e-01
3.10093000e+02 8.03327660e-01
3.13687000e+02 8.04890796e-01
3.17323000e+02 8.06441540e-01
3.21001000e+02 8.07981370e-01
3.24722000e+02 8.09508797e-01
3.28486000e+02 8.11025125e-01
3.32293000e+02 8.12525768e-01
3.36145000e+02 8.14018901e-01
3.40041000e+02 8.15502085e-01
3.43983000e+02 8.16972380e-01
3.47970000e+02 8.18433852e-01
3.52003000e+02 8.19884360e-01
3.56083000e+02 8.21328862e-01
3.60211000e+02 8.22764618e-01
3.64386000e+02 8.24187221e-01
3.68610000e+02 8.25603758e-01
3.72882000e+02 8.27007967e-01
3.77204000e+02 8.28406831e-01
3.81576000e+02 8.29794888e-01
3.85999000e+02 8.31177943e-01
3.90474000e+02 8.32550157e-01
3.95000000e+02 8.33913121e-01
3.99578000e+02 8.35268069e-01
4.04210000e+02 8.36613931e-01
4.08895000e+02 8.37950590e-01
4.13634000e+02 8.39276047e-01
4.18429000e+02 8.40592746e-01
4.23279000e+02 8.41900557e-01
4.28185000e+02 8.43198580e-01
4.33148000e+02 8.44487833e-01
4.38169000e+02 8.45764087e-01
4.43248000e+02 8.47030385e-01
4.48386000e+02 8.48287924e-01
4.53583000e+02 8.49532529e-01
4.58840000e+02 8.50767103e-01
4.64159000e+02 8.51992356e-01
4.69539000e+02 8.53205758e-01
4.74981000e+02 8.54408813e-01
4.80487000e+02 8.55600634e-01
4.86056000e+02 8.56781060e-01
4.91690000e+02 8.57950136e-01
4.97390000e+02 8.59109367e-01
5.03155000e+02 8.60257732e-01
5.08987000e+02 8.61394799e-01
5.14887000e+02 8.62522664e-01
5.20855000e+02 8.63639143e-01
5.26892000e+02 8.64746063e-01
5.32999000e+02 8.65844398e-01
5.39177000e+02 8.66931634e-01
5.45427000e+02 8.68010301e-01
5.51749000e+02 8.69081956e-01
5.58145000e+02 8.70142808e-01
5.64614000e+02 8.71195662e-01
5.71159000e+02 8.72242086e-01
5.77779000e+02 8.73279584e-01
5.84476000e+02 8.74309701e-01
5.91251000e+02 8.75334190e-01
5.98104000e+02 8.76350251e-01
6.05037000e+02 8.77360345e-01
6.12050000e+02 8.78364338e-01
6.19144000e+02 8.79363162e-01
6.26321000e+02 8.80355495e-01
6.33580000e+02 8.81341779e-01
6.40924000e+02 8.82323572e-01
6.48353000e+02 8.83298931e-01
6.55869000e+02 8.84269207e-01
6.63471000e+02 8.85235183e-01
6.71161000e+02 8.86194922e-01
6.78941000e+02 8.87149025e-01
6.86810000e+02 8.88098056e-01
6.94771000e+02 8.89041867e-01
7.02824000e+02 8.89979456e-01
7.10971000e+02 8.90911309e-01
7.19212000e+02 8.91837598e-01
7.27548000e+02 8.92756997e-01
7.35981000e+02 8.93670118e-01
7.44512000e+02 8.94576902e-01
7.53142000e+02 8.95475916e-01
7.61872000e+02 8.96367883e-01
7.70703000e+02 8.97253408e-01
7.79636000e+02 8.98130526e-01
7.88673000e+02 8.99000257e-01
7.97814000e+02 8.99862423e-01
8.07062000e+02 9.00717107e-01
8.16417000e+02 9.01563663e-01
8.25880000e+02 9.02402485e-01
8.35453000e+02 9.03233980e-01
8.45137000e+02 9.04057464e-01
8.54933000e+02 9.04873818e-01
8.64842000e+02 9.05682895e-01
8.74867000e+02 9.06484399e-01
8.85007000e+02 9.07278957e-01
8.95266000e+02 9.08067793e-01
9.05643000e+02 9.08849352e-01
9.16140000e+02 9.09624697e-01
9.26759000e+02 9.10394942e-01
9.37502000e+02 9.11159075e-01
9.48368000e+02 9.11918037e-01
9.59361000e+02 9.12672211e-01
9.70481000e+02 9.13420821e-01
9.81730000e+02 9.14164829e-01
9.93109000e+02 9.14904694e-01
1.00462000e+03 9.15639274e-01
1.01626500e+03 9.16369526e-01
1.02804500e+03 9.17095600e-01
1.03996100e+03 9.17816812e-01
1.05201500e+03 9.18533412e-01
1.06420900e+03 9.19245620e-01
1.07654500e+03 9.19952745e-01
1.08902300e+03 9.20655184e-01
1.10164600e+03 9.21352637e-01
1.11441500e+03 9.22044627e-01
1.12733300e+03 9.22731556e-01
1.14040000e+03 9.23412950e-01
1.15361800e+03 9.24088571e-01
1.16699000e+03 9.24758611e-01
1.18051700e+03 9.25422771e-01
1.19420000e+03 9.26080709e-01
1.20804200e+03 9.26732913e-01
1.22204500e+03 9.27378858e-01
1.23621000e+03 9.28018797e-01
1.25053900e+03 9.28653033e-01
1.26503400e+03 9.29280879e-01
1.27969700e+03 9.29903172e-01
1.29453000e+03 9.30520019e-01
1.30953500e+03 9.31131028e-01
1.32471400e+03 9.31736993e-01
1.34006900e+03 9.32338012e-01
1.35560200e+03 9.32933835e-01
1.37131500e+03 9.33525307e-01
1.38721000e+03 9.34111863e-01
1.40328900e+03 9.34694155e-01
1.41955500e+03 9.35272402e-01
1.43600900e+03 9.35846489e-01
1.45265400e+03 9.36416765e-01
1.46949200e+03 9.36982937e-01
1.48652500e+03 9.37545115e-01
1.50375500e+03 9.38103527e-01
1.52118600e+03 9.38657942e-01
1.53881800e+03 9.39208356e-01
1.55665400e+03 9.39754447e-01
1.57469800e+03 9.40296639e-01
1.59295000e+03 9.40834077e-01
1.61141400e+03 9.41367129e-01
1.63009200e+03 9.41895635e-01
1.64898700e+03 9.42419392e-01
1.66810100e+03 9.42938469e-01
1.68743600e+03 9.43452528e-01
1.70699500e+03 9.43961967e-01
1.72678100e+03 9.44466331e-01
1.74679600e+03 9.44966264e-01
1.76704400e+03 9.45461252e-01
1.78752600e+03 9.45951721e-01
1.80824500e+03 9.46437768e-01
1.82920500e+03 9.46919409e-01
1.85040700e+03 9.47396952e-01
1.87185500e+03 9.47870449e-01
1.89355200e+03 9.48340139e-01
1.91550100e+03 9.48805959e-01
1.93770300e+03 9.49268222e-01
1.96016300e+03 9.49726842e-01
1.98288400e+03 9.50182094e-01
2.00586800e+03 9.50633777e-01
2.02911800e+03 9.51082199e-01
2.05263800e+03 9.51527158e-01
2.07643000e+03 9.51968681e-01
2.10049800e+03 9.52406780e-01
2.12484500e+03 9.52841150e-01
2.14947500e+03 9.53272033e-01
2.17438900e+03 9.53699038e-01
2.19959300e+03 9.54122380e-01
2.22508900e+03 9.54541759e-01
2.25088000e+03 9.54957310e-01
2.27697000e+03 9.55368875e-01
2.30336300e+03 9.55776576e-01
2.33006100e+03 9.56180474e-01
2.35706900e+03 9.56580388e-01
2.38439000e+03 9.56976687e-01
2.41202800e+03 9.57369252e-01
2.43998600e+03 9.57758367e-01
2.46826800e+03 9.58144112e-01
2.49687800e+03 9.58526540e-01
2.52582000e+03 9.58905848e-01
2.55509700e+03 9.59282102e-01
2.58471400e+03 9.59655319e-01
2.61467300e+03 9.60025574e-01
2.64498000e+03 9.60392932e-01
2.67563800e+03 9.60757289e-01
2.70665200e+03 9.61118718e-01
2.73802500e+03 9.61477164e-01
2.76976200e+03 9.61832469e-01
2.80186700e+03 9.62184667e-01
2.83434300e+03 9.62533682e-01
2.86719600e+03 9.62879491e-01
2.90043000e+03 9.63222087e-01
2.93405000e+03 9.63561436e-01
2.96805900e+03 9.63897599e-01
3.00246200e+03 9.64230553e-01
3.03726400e+03 9.64560411e-01
3.07246900e+03 9.64887194e-01
3.10808200e+03 9.65210955e-01
3.14410800e+03 9.65531877e-01
3.18055200e+03 9.65850030e-01
3.21741800e+03 9.66165412e-01
3.25471200e+03 9.66478148e-01
3.29243700e+03 9.66788283e-01
3.33060000e+03 9.67095862e-01
3.36920600e+03 9.67400883e-01
3.40825900e+03 9.67703360e-01
3.44776400e+03 9.68003258e-01
3.48772700e+03 9.68300527e-01
3.52815400e+03 9.68595149e-01
3.56904900e+03 9.68887052e-01
3.61041900e+03 9.69176264e-01
3.65226700e+03 9.69462720e-01
3.69460100e+03 9.69746468e-01
3.73742600e+03 9.70027535e-01
3.78074700e+03 9.70305965e-01
3.82457000e+03 9.70581795e-01
3.86890100e+03 9.70855074e-01
3.91374600e+03 9.71125923e-01
3.95911000e+03 9.71394361e-01
4.00500100e+03 9.71660506e-01
4.05142300e+03 9.71924374e-01
4.09838400e+03 9.72185980e-01
4.14588800e+03 9.72445348e-01
4.19394400e+03 9.72702458e-01
4.24255600e+03 9.72957314e-01
4.29173200e+03 9.73209909e-01
4.34147800e+03 9.73460207e-01
4.39180100e+03 9.73708213e-01
4.44270700e+03 9.73953901e-01
4.49420300e+03 9.74197279e-01
4.54629500e+03 9.74438350e-01
4.59899200e+03 9.74677151e-01
4.65230000e+03 9.74913723e-01
4.70622500e+03 9.75148108e-01
4.76077500e+03 9.75380361e-01
4.81595800e+03 9.75610551e-01
4.87178000e+03 9.75838720e-01
4.92825000e+03 9.76064909e-01
4.98537300e+03 9.76289131e-01
5.04315900e+03 9.76511403e-01
5.10161500e+03 9.76731709e-01
5.16074900e+03 9.76950033e-01
5.22056800e+03 9.77166354e-01
5.28108000e+03 9.77380667e-01
5.34229300e+03 9.77592971e-01
5.40421600e+03 9.77803278e-01
5.46685700e+03 9.78011613e-01
5.53022400e+03 9.78218009e-01
5.59432600e+03 9.78422507e-01
5.65917000e+03 9.78625143e-01
5.72476600e+03 9.78825958e-01
5.79112300e+03 9.79024981e-01
5.85824800e+03 9.79222234e-01
5.92615200e+03 9.79417743e-01
5.99484300e+03 9.79611518e-01
6.06432900e+03 9.79803562e-01
6.13462200e+03 9.79993883e-01
6.20572900e+03 9.80182469e-01
6.27766000e+03 9.80369319e-01
6.35042500e+03 9.80554433e-01
6.42403400e+03 9.80737819e-01
6.49849500e+03 9.80919493e-01
6.57382000e+03 9.81099487e-01
6.65001800e+03 9.81277838e-01
6.72709900e+03 9.81454581e-01
6.80507400e+03 9.81629751e-01
6.88395200e+03 9.81803370e-01
6.96374500e+03 9.81975449e-01
7.04446200e+03 9.82145988e-01
7.12611500e+03 9.82314987e-01
7.20871500e+03 9.82482443e-01
7.29227200e+03 9.82648357e-01
7.37679800e+03 9.82812740e-01
7.46230300e+03 9.82975605e-01
7.54879900e+03 9.83136971e-01
7.63629800e+03 9.83296860e-01
7.72481100e+03 9.83455290e-01
7.81435100e+03 9.83612283e-01
7.90492800e+03 9.83767856e-01
7.99655500e+03 9.83922029e-01
8.08924300e+03 9.84074813e-01
8.18300700e+03 9.84226228e-01
8.27785700e+03 9.84376271e-01
8.37380700e+03 9.84524947e-01
8.47086800e+03 9.84672254e-01
8.56905500e+03 9.84818202e-01
8.66838000e+03 9.84962800e-01
8.76885600e+03 9.85106068e-01
8.87049700e+03 9.85248030e-01
8.97331600e+03 9.85388706e-01
9.07732700e+03 9.85528116e-01
9.18254300e+03 9.85666266e-01
9.28897900e+03 9.85803165e-01
9.39664800e+03 9.85938816e-01
9.50556600e+03 9.86073229e-01
9.61574600e+03 9.86206414e-01
9.72720300e+03 9.86338380e-01
9.83995200e+03 9.86469142e-01
9.95400800e+03 9.86598710e-01
1.00693860e+04 9.86720291e-01
1.01861020e+04 9.86847648e-01
1.03041700e+04 9.86973843e-01
1.04236070e+04 9.87098889e-01
1.05444280e+04 9.87222799e-01
1.06666500e+04 9.87345583e-01
1.07902880e+04 9.87467248e-01
1.09153590e+04 9.87587797e-01
1.10418810e+04 9.87707242e-01
1.11698680e+04 9.87825588e-01
1.12993390e+04 9.87942852e-01
1.14303110e+04 9.88059048e-01
1.15628010e+04 9.88174185e-01
1.16968270e+04 9.88288269e-01
1.18324060e+04 9.88401304e-01
1.19695570e+04 9.88513297e-01
1.21082980e+04 9.88624258e-01
1.22486460e+04 9.88734200e-01
1.23906220e+04 9.88843137e-01
1.25342430e+04 9.88951077e-01
1.26795280e+04 9.89058025e-01
1.28264980e+04 9.89163989e-01
1.29751720e+04 9.89268976e-01
1.31255680e+04 9.89372994e-01
1.32777080e+04 9.89476052e-01
1.34316120e+04 9.89578158e-01
1.35872990e+04 9.89679319e-01
1.37447910e+04 9.89779545e-01
1.39041080e+04 9.89878849e-01
1.40652720e+04 9.89977244e-01
1.42283050e+04 9.90074740e-01
1.43932260e+04 9.90171339e-01
1.45600600e+04 9.90267042e-01
1.47288270e+04 9.90361852e-01
1.48995510e+04 9.90455780e-01
1.50722530e+04 9.90548840e-01
1.52469570e+04 9.90641047e-01
1.54236860e+04 9.90732409e-01
1.56024640e+04 9.90822933e-01
1.57833140e+04 9.90912625e-01
1.59662600e+04 9.91001489e-01
1.61513270e+04 9.91089530e-01
1.63385390e+04 9.91176752e-01
1.65279210e+04 9.91263161e-01
1.67194980e+04 9.91348767e-01
1.69132950e+04 9.91433586e-01
1.71093390e+04 9.91517631e-01
1.73076550e+04 9.91600910e-01
1.75082700e+04 9.91683421e-01
1.77112110e+04 9.91765163e-01
1.79165030e+04 9.91846137e-01
1.81241750e+04 9.91926356e-01
1.83342550e+04 9.92005830e-01
1.85467690e+04 9.92084572e-01
1.87617470e+04 9.92162591e-01
1.89792160e+04 9.92239893e-01
1.91992070e+04 9.92316481e-01
1.94217470e+04 9.92392354e-01
1.96468660e+04 9.92467513e-01
1.98745950e+04 9.92541961e-01
2.01049640e+04 9.92615712e-01
2.03380030e+04 9.92688781e-01
2.05737430e+04 9.92761180e-01
2.08122160e+04 9.92832910e-01
2.10534520e+04 9.92903966e-01
2.12974850e+04 9.92974350e-01
2.15443470e+04 9.93044067e-01
2.17940700e+04 9.93113125e-01
2.20466870e+04 9.93181538e-01
2.23022330e+04 9.93249318e-01
2.25607410e+04 9.93316473e-01
2.28222450e+04 9.93383003e-01
2.30867800e+04 9.93448906e-01
2.33543810e+04 9.93514181e-01
2.36250850e+04 9.93578839e-01
2.38989260e+04 9.93642894e-01
2.41759410e+04 9.93706362e-01
2.44561670e+04 9.93769248e-01
2.47396410e+04 9.93831548e-01
2.50264010e+04 9.93893263e-01
2.53164850e+04 9.93954395e-01
2.56099310e+04 9.94014950e-01
2.59067790e+04 9.94074942e-01
2.62070670e+04 9.94134383e-01
2.65108360e+04 9.94193279e-01
2.68181260e+04 9.94251626e-01
2.71289780e+04 9.94309417e-01
2.74434330e+04 9.94366656e-01
2.77615330e+04 9.94423357e-01
2.80833200e+04 9.94479532e-01
2.84088370e+04 9.94535187e-01
2.87381270e+04 9.94590321e-01
2.90712340e+04 9.94644932e-01
2.94082020e+04 9.94699019e-01
2.97490750e+04 9.94752587e-01
3.00939000e+04 9.94805652e-01
3.04427220e+04 9.94858227e-01
3.07955870e+04 9.94910310e-01
3.11525420e+04 9.94961896e-01
3.15136350e+04 9.95012985e-01
3.18789130e+04 9.95063586e-01
3.22484250e+04 9.95113710e-01
3.26222200e+04 9.95163370e-01
3.30003480e+04 9.95212566e-01
3.33828590e+04 9.95261295e-01
3.37698030e+04 9.95309555e-01
3.41612330e+04 9.95357355e-01
3.45571990e+04 9.95404709e-01
3.49577560e+04 9.95451627e-01
3.53629550e+04 9.95498106e-01
3.57728510e+04 9.95544142e-01
3.61874980e+04 9.95589737e-01
3.66069510e+04 9.95634900e-01
3.70312670e+04 9.95679644e-01
3.74605000e+04 9.95723972e-01
3.78947090e+04 9.95767881e-01
3.83339510e+04 9.95811365e-01
3.87782840e+04 9.95854428e-01
3.92277680e+04 9.95897086e-01
3.96824610e+04 9.95939343e-01
4.01424250e+04 9.95981197e-01
4.06077200e+04 9.96022645e-01
4.10784090e+04 9.96063687e-01
4.15545530e+04 9.96104335e-01
4.20362170e+04 9.96144601e-01
4.25234630e+04 9.96184484e-01
4.30163580e+04 9.96223980e-01
4.35149650e+04 9.96263091e-01
4.40193520e+04 9.96301828e-01
4.45295850e+04 9.96340202e-01
4.50457330e+04 9.96378215e-01
4.55678630e+04 9.96415861e-01
4.60960450e+04 9.96453142e-01
4.66303490e+04 9.96490068e-01
4.71708470e+04 9.96526650e-01
4.77176090e+04 9.96562886e-01
4.82707100e+04 9.96598770e-01
4.88302210e+04 9.96634305e-01
4.93962170e+04 9.96669501e-01
4.99687750e+04 9.96704366e-01
5.05479680e+04 9.96738896e-01
5.11338750e+04 9.96773086e-01
5.17265740e+04 9.96806941e-01
5.23261420e+04 9.96840473e-01
5.29326610e+04 9.96873685e-01
5.35462090e+04 9.96906570e-01
5.41668690e+04 9.96939130e-01
5.47947230e+04 9.96971374e-01
5.54298550e+04 9.97003312e-01
5.60723490e+04 9.97034942e-01
5.67222900e+04 9.97066260e-01
5.73797640e+04 9.97097274e-01
5.80448590e+04 9.97127997e-01
5.87176640e+04 9.97158429e-01
5.93982670e+04 9.97188567e-01
6.00867590e+04 9.97218412e-01
6.07832310e+04 9.97247976e-01
6.14877770e+04 9.97277261e-01
6.22004880e+04 9.97306260e-01
6.29214610e+04 9.97334975e-01
6.36507910e+04 9.97363413e-01
6.43885740e+04 9.97391578e-01
6.51349090e+04 9.97419464e-01
6.58898960e+04 9.97447072e-01
6.66536330e+04 9.97474411e-01
6.74262220e+04 9.97501485e-01
6.82077670e+04 9.97528290e-01
6.89983710e+04 9.97554829e-01
6.97981390e+04 9.97581111e-01
7.06071770e+04 9.97607141e-01
7.14255930e+04 9.97632913e-01
7.22534950e+04 9.97658431e-01
7.30909930e+04 9.97683705e-01
7.39381990e+04 9.97708735e-01
7.47952250e+04 9.97733517e-01
7.56621850e+04 9.97758056e-01
7.65391940e+04 9.97782359e-01
7.74263680e+04 9.97806422e-01
7.83238260e+04 9.97830243e-01
7.92316860e+04 9.97853829e-01
8.01500700e+04 9.97877183e-01
8.10790980e+04 9.97900299e-01
8.20188950e+04 9.97923182e-01
8.29695850e+04 9.97945839e-01
8.39312950e+04 9.97968270e-01
8.49041520e+04 9.97990475e-01
8.58882860e+04 9.98012462e-01
8.68838260e+04 9.98034237e-01
8.78909070e+04 9.98055796e-01
8.89096600e+04 9.98077144e-01
8.99402220e+04 9.98098288e-01
9.09827290e+04 9.98119222e-01
9.20373200e+04 9.98139947e-01
9.31041350e+04 9.98160469e-01
9.41833150e+04 9.98180786e-01
9.52750050e+04 9.98200896e-01
9.63793480e+04 9.98220806e-01
9.74964920e+04 9.98240516e-01
9.86265850e+04 9.98260025e-01
9.97697760e+04 9.98279340e-01
1.00926219e+05 9.98298464e-01
1.02096066e+05 9.98317395e-01
1.03279473e+05 9.98336140e-01
1.04476597e+05 9.98354702e-01
1.05687597e+05 9.98373079e-01
1.06912634e+05 9.98391275e-01
1.08151870e+05 9.98409292e-01
1.09405471e+05 9.98427127e-01
1.10673602e+05 9.98444782e-01
1.11956432e+05 9.98462258e-01
1.13254132e+05 9.98479552e-01
1.14566873e+05 9.98496669e-01
1.15894830e+05 9.98513610e-01
1.17238180e+05 9.98530376e-01
1.18597101e+05 9.98546975e-01
1.19971774e+05 9.98563405e-01
1.21362380e+05 9.98579671e-01
1.22769105e+05 9.98595776e-01
1.24192135e+05 9.98611717e-01
1.25631660e+05 9.98627497e-01
1.27087871e+05 9.98643117e-01
1.28560961e+05 9.98658575e-01
1.30051125e+05 9.98673875e-01
1.31558562e+05 9.98689015e-01
1.33083472e+05 9.98703999e-01
1.34626058e+05 9.98718830e-01
1.36186524e+05 9.98733508e-01
1.37765077e+05 9.98748040e-01
1.39361927e+05 9.98762426e-01
1.40977287e+05 9.98776669e-01
1.42611371e+05 9.98790772e-01
1.44264395e+05 9.98804731e-01
1.45936580e+05 9.98818549e-01
1.47628147e+05 9.98832224e-01
1.49339322e+05 9.98845754e-01
1.51070330e+05 9.98859144e-01
1.52821404e+05 9.98872393e-01
1.54592774e+05 9.98885505e-01
1.56384676e+05 9.98898483e-01
1.58197348e+05 9.98911330e-01
1.60031031e+05 9.98924045e-01
1.61885969e+05 9.98936631e-01
1.63762407e+05 9.98949087e-01
1.65660596e+05 9.98961411e-01
1.67580786e+05 9.98973606e-01
1.69523234e+05 9.98985670e-01
1.71488197e+05 9.98997606e-01
1.73475936e+05 9.99009414e-01
1.75486715e+05 9.99021101e-01
1.77520801e+05 9.99032667e-01
1.79578465e+05 9.99044116e-01
1.81659979e+05 9.99055450e-01
1.83765620e+05 9.99066666e-01
1.85895668e+05 9.99077765e-01
1.88050406e+05 9.99088746e-01
1.90230119e+05 9.99099611e-01
1.92435098e+05 9.99110360e-01
1.94665634e+05 9.99120997e-01
1.96922026e+05 9.99131525e-01
1.99204571e+05 9.99141946e-01
2.01513573e+05 9.99152259e-01
2.03849340e+05 9.99162467e-01
2.06212180e+05 9.99172566e-01
2.08602409e+05 9.99182556e-01
2.11020343e+05 9.99192437e-01
2.13466303e+05 9.99202209e-01
2.15940615e+05 9.99211876e-01
2.18443607e+05 9.99221441e-01
2.20975611e+05 9.99230906e-01
2.23536965e+05 9.99240272e-01
2.26128007e+05 9.99249539e-01
2.28749082e+05 9.99258706e-01
2.31400538e+05 9.99267772e-01
2.34082728e+05 9.99276740e-01
2.36796007e+05 9.99285611e-01
2.39540736e+05 9.99294390e-01
2.42317279e+05 9.99303077e-01
2.45126006e+05 9.99311676e-01
2.47967289e+05 9.99320184e-01
2.50841506e+05 9.99328601e-01
2.53749038e+05 9.99336924e-01
2.56690272e+05 9.99345155e-01
2.59665597e+05 9.99353297e-01
2.62675410e+05 9.99361352e-01
2.65720111e+05 9.99369321e-01
2.68800102e+05 9.99377203e-01
2.71915794e+05 9.99385003e-01
2.75067601e+05 9.99392712e-01
2.78255940e+05 9.99400334e-01
2.81481236e+05 9.99407870e-01
2.84743917e+05 9.99415325e-01
2.88044415e+05 9.99422700e-01
2.91383170e+05 9.99429998e-01
2.94760626e+05 9.99437217e-01
2.98177229e+05 9.99444356e-01
3.01633435e+05 9.99451414e-01
3.05129702e+05 9.99458396e-01
3.08666494e+05 9.99465303e-01
3.12244282e+05 9.99472136e-01
3.15863541e+05 9.99478895e-01
3.19524751e+05 9.99485579e-01
3.23228398e+05 9.99492184e-01
3.26974974e+05 9.99498713e-01
3.30764978e+05 9.99505168e-01
3.34598912e+05 9.99511552e-01
3.38477286e+05 9.99517867e-01
3.42400614e+05 9.99524110e-01
3.46369418e+05 9.99530282e-01
3.50384225e+05 9.99536383e-01
3.54445567e+05 9.99542416e-01
3.58553986e+05 9.99548384e-01
3.62710025e+05 9.99554288e-01
3.66914238e+05 9.99560126e-01
3.71167182e+05 9.99565897e-01
3.75469422e+05 9.99571601e-01
3.79821531e+05 9.99577239e-01
3.84224085e+05 9.99582816e-01
3.88677669e+05 9.99588329e-01
3.93182876e+05 9.99593776e-01
3.97740302e+05 9.99599158e-01
4.02350555e+05 9.99604477e-01
4.07014245e+05 9.99609736e-01
4.11731993e+05 9.99614937e-01
4.16504425e+05 9.99620080e-01
4.21332174e+05 9.99625163e-01
4.26215883e+05 9.99630187e-01
4.31156199e+05 9.99635155e-01
4.36153779e+05 9.99640067e-01
4.41209286e+05 9.99644921e-01
4.46323393e+05 9.99649717e-01
4.51496777e+05 9.99654454e-01
4.56730127e+05 9.99659134e-01
4.62024137e+05 9.99663762e-01
4.67379511e+05 9.99668335e-01
4.72796959e+05 9.99672853e-01
4.78277202e+05 9.99677317e-01
4.83820966e+05 9.99681730e-01
4.89428990e+05 9.99686095e-01
4.95102016e+05 9.99690408e-01
5.00840799e+05 9.99694668e-01
5.06646101e+05 9.99698876e-01
5.12518693e+05 9.99703036e-01
5.18459354e+05 9.99707145e-01
5.24468875e+05 9.99711201e-01
5.30548053e+05 9.99715208e-01
5.36697695e+05 9.99719167e-01
5.42918618e+05 9.99723081e-01
5.49211648e+05 9.99726949e-01
5.55577622e+05 9.99730769e-01
5.62017385e+05 9.99734545e-01
5.68531791e+05 9.99738274e-01
5.75121707e+05 9.99741959e-01
5.81788007e+05 9.99745594e-01
5.88531578e+05 9.99749185e-01
5.95353313e+05 9.99752733e-01
6.02254120e+05 9.99756237e-01
6.09234915e+05 9.99759696e-01
6.16296626e+05 9.99763117e-01
6.23440189e+05 9.99766497e-01
6.30666554e+05 9.99769833e-01
6.37976681e+05 9.99773128e-01
6.45371540e+05 9.99776382e-01
6.52852114e+05 9.99779596e-01
6.60419396e+05 9.99782766e-01
6.68074392e+05 9.99785897e-01
6.75818117e+05 9.99788991e-01
6.83651600e+05 9.99792048e-01
6.91575883e+05 9.99795066e-01
6.99592017e+05 9.99798047e-01
7.07701066e+05 9.99800991e-01
7.15904109e+05 9.99803894e-01
7.24202233e+05 9.99806761e-01
7.32596543e+05 9.99809593e-01
7.41088152e+05 9.99812388e-01
7.49678187e+05 9.99815148e-01
7.58367791e+05 9.99817876e-01
7.67158118e+05 9.99820569e-01
7.76050334e+05 9.99823225e-01
7.85045620e+05 9.99825849e-01
7.94145172e+05 9.99828437e-01
8.03350198e+05 9.99830991e-01
8.12661920e+05 9.99833515e-01
8.22081576e+05 9.99836006e-01
8.31610415e+05 9.99838465e-01
8.41249705e+05 9.99840894e-01
8.51000725e+05 9.99843290e-01
8.60864770e+05 9.99845652e-01
8.70843150e+05 9.99847985e-01
8.80937190e+05 9.99850287e-01
8.91148232e+05 9.99852560e-01
9.01477631e+05 9.99854806e-01
9.11926760e+05 9.99857018e-01
9.22497005e+05 9.99859203e-01
9.33189772e+05 9.99861358e-01
9.44006479e+05 9.99863481e-01
9.54948564e+05 9.99865582e-01
9.66017480e+05 9.99867651e-01
9.77214697e+05 9.99869695e-01
9.88541702e+05 9.99871712e-01
1.00000000e+06 9.99873696e-01
1.01159111e+06 9.99875441e-01
1.02331658e+06 9.99877376e-01
1.03517796e+06 9.99879291e-01
1.04717682e+06 9.99881177e-01
1.05931476e+06 9.99883036e-01
1.07159340e+06 9.99884874e-01
1.08401436e+06 9.99886676e-01
1.09657929e+06 9.99888470e-01
1.10928986e+06 9.99890221e-01
1.12214777e+06 9.99891966e-01
1.13515471e+06 9.99893677e-01
1.14831242e+06 9.99895357e-01
1.16162263e+06 9.99897027e-01
1.17508713e+06 9.99898673e-01
1.18870770e+06 9.99900291e-01
1.20248614e+06 9.99901887e-01
1.21642429e+06 9.99903459e-01
1.23052400e+06 9.99905012e-01
1.24478715e+06 9.99906542e-01
1.25921561e+06 9.99908053e-01
1.27381132e+06 9.99909540e-01
1.28857621e+06 9.99911005e-01
1.30351225e+06 9.99912448e-01
1.31862140e+06 9.99913877e-01
1.33390569e+06 9.99915283e-01
1.34936714e+06 9.99916668e-01
1.36500781e+06 9.99918034e-01
1.38082976e+06 9.99919379e-01
1.39683512e+06 9.99920708e-01
1.41302599e+06 9.99922014e-01
1.42940453e+06 9.99923305e-01
1.44597292e+06 9.99924573e-01
1.46273336e+06 9.99925827e-01
1.47968806e+06 9.99927060e-01
1.49683929e+06 9.99928276e-01
1.51418932e+06 9.99929473e-01
1.53174046e+06 9.99930653e-01
1.54949504e+06 9.99931817e-01
1.56745541e+06 9.99932963e-01
1.58562396e+06 9.99934091e-01
1.60400311e+06 9.99935203e-01
1.62259529e+06 9.99936298e-01
1.64140297e+06 9.99937377e-01
1.66042866e+06 9.99938438e-01
1.67967487e+06 9.99939485e-01
1.69914417e+06 9.99940515e-01
1.71883914e+06 9.99941530e-01
1.73876240e+06 9.99942528e-01
1.75891659e+06 9.99943512e-01
1.77930439e+06 9.99944480e-01
1.79992851e+06 9.99945433e-01
1.82079168e+06 9.99946371e-01
1.84189668e+06 9.99947295e-01
1.86324631e+06 9.99948204e-01
1.88484341e+06 9.99949099e-01
1.90669084e+06 9.99949981e-01
1.92879151e+06 9.99950849e-01
1.95114835e+06 9.99951702e-01
1.97376433e+06 9.99952543e-01
1.99664245e+06 9.99953372e-01
2.01978576e+06 9.99954186e-01
2.04319732e+06 9.99954989e-01
2.06688025e+06 9.99955779e-01
2.09083769e+06 9.99956556e-01
2.11507283e+06 9.99957322e-01
2.13958887e+06 9.99958076e-01
2.16438909e+06 9.99958817e-01
2.18947676e+06 9.99959547e-01
2.21485523e+06 9.99960266e-01
2.24052787e+06 9.99960972e-01
2.26649808e+06 9.99961668e-01
2.29276931e+06 9.99962352e-01
2.31934506e+06 9.99963023e-01
2.34622885e+06 9.99963686e-01
2.37342425e+06 9.99964335e-01
2.40093488e+06 9.99964973e-01
2.42876438e+06 9.99965604e-01
2.45691646e+06 9.99966219e-01
2.48539486e+06 9.99966829e-01
2.51420335e+06 9.99967422e-01
2.54334576e+06 9.99968015e-01
2.57282597e+06 9.99968586e-01
2.60264788e+06 9.99969156e-01
2.63281547e+06 9.99969713e-01
2.66333273e+06 9.99970260e-01
2.69420371e+06 9.99970800e-01
2.72543253e+06 9.99971330e-01
2.75702333e+06 9.99971852e-01
2.78898029e+06 9.99972364e-01
2.82130768e+06 9.99972869e-01
2.85400977e+06 9.99973364e-01
2.88709092e+06 9.99973852e-01
2.92055551e+06 9.99974331e-01
2.95440800e+06 9.99974802e-01
2.98865287e+06 9.99975265e-01
3.02329468e+06 9.99975720e-01
3.05833803e+06 9.99976167e-01
3.09378757e+06 9.99976606e-01
3.12964801e+06 9.99977037e-01
3.16592411e+06 9.99977461e-01
3.20262069e+06 9.99977877e-01
3.23974263e+06 9.99978285e-01
3.27729485e+06 9.99978686e-01
3.31528234e+06 9.99979080e-01
3.35371015e+06 9.99979467e-01
3.39258338e+06 9.99979847e-01
3.43190720e+06 9.99980221e-01
3.47168682e+06 9.99980588e-01
3.51192753e+06 9.99980949e-01
3.55263468e+06 9.99981304e-01
3.59381366e+06 9.99981653e-01
3.63546996e+06 9.99981996e-01
3.67760910e+06 9.99982333e-01
3.72023668e+06 9.99982664e-01
3.76335836e+06 9.99982990e-01
3.80697987e+06 9.99983309e-01
3.85110700e+06 9.99983622e-01
3.89574562e+06 9.99983930e-01
3.94090164e+06 9.99984232e-01
3.98658107e+06 9.99984529e-01
4.03278998e+06 9.99984820e-01
4.07953450e+06 9.99985106e-01
4.12682085e+06 9.99985387e-01
4.17465529e+06 9.99985663e-01
4.22304419e+06 9.99985933e-01
4.27199397e+06 9.99986199e-01
4.32151113e+06 9.99986462e-01
4.37160225e+06 9.99986720e-01
4.42227398e+06 9.99986973e-01
4.47353305e+06 9.99987221e-01
4.52538628e+06 9.99987465e-01
4.57784054e+06 9.99987705e-01
4.63090280e+06 9.99987940e-01
4.68458012e+06 9.99988171e-01
4.73887961e+06 9.99988398e-01
4.79380850e+06 9.99988621e-01
4.84937407e+06 9.99988839e-01
4.90558371e+06 9.99989052e-01
4.96244488e+06 9.99989263e-01
5.01996513e+06 9.99989470e-01
5.07815211e+06 9.99989673e-01
5.13701354e+06 9.99989873e-01
5.19655724e+06 9.99990070e-01
5.25679112e+06 9.99990263e-01
5.31772318e+06 9.99990453e-01
5.37936150e+06 9.99990639e-01
5.44171429e+06 9.99990821e-01
5.50478981e+06 9.99991000e-01
5.56859644e+06 9.99991175e-01
5.63314267e+06 9.99991347e-01
5.69843706e+06 9.99991515e-01
5.76448828e+06 9.99991681e-01
5.83130511e+06 9.99991844e-01
5.89889643e+06 9.99992005e-01
5.96727120e+06 9.99992163e-01
6.03643851e+06 9.99992318e-01
6.10640754e+06 9.99992470e-01
6.17718760e+06 9.99992619e-01
6.24878807e+06 9.99992764e-01
6.32121848e+06 9.99992907e-01
6.39448843e+06 9.99993046e-01
6.46860766e+06 9.99993183e-01
6.54358602e+06 9.99993318e-01
6.61943346e+06 9.99993452e-01
6.69616005e+06 9.99993584e-01
6.77377600e+06 9.99993714e-01
6.85229159e+06 9.99993841e-01
6.93171728e+06 9.99993960e-01
7.01206359e+06 9.99994077e-01
7.09334121e+06 9.99994197e-01
7.17556092e+06 9.99994315e-01
7.25873365e+06 9.99994430e-01
7.34287045e+06 9.99994542e-01
7.42798248e+06 9.99994651e-01
7.51408106e+06 9.99994758e-01
7.60117762e+06 9.99994863e-01
7.68928372e+06 9.99994966e-01
7.77841107e+06 9.99995068e-01
7.86857151e+06 9.99995167e-01
7.95977700e+06 9.99995265e-01
8.05203967e+06 9.99995361e-01
8.14537177e+06 9.99995454e-01
8.23978568e+06 9.99995546e-01
8.33529396e+06 9.99995636e-01
8.43190929e+06 9.99995724e-01
8.52964450e+06 9.99995810e-01
8.62851257e+06 9.99995895e-01
8.72852662e+06 9.99995978e-01
8.82969996e+06 9.99996060e-01
8.93204600e+06 9.99996139e-01
9.03557835e+06 9.99996217e-01
9.14031075e+06 9.99996294e-01
9.24625712e+06 9.99996369e-01
9.35343152e+06 9.99996442e-01
9.46184820e+06 9.99996514e-01
9.57152154e+06 9.99996585e-01
9.68246612e+06 9.99996654e-01
9.79469667e+06 9.99996722e-01
9.90822810e+06 9.99996788e-01
1.00000000e+07 9.99996840e-01
