8.000000000E+00 0.000000000E+00 0.000000000E+00 0.000000000E+00 0.000000000E+00 0.000000000E+00
9.000000000E+00 2.194223552E+01 0.000000000E+00 0.000000000E+00 0.000000000E+00 0.000000000E+00
1.000000000E+01 4.987322687E+01 1.625592270E-01 0.000000000E+00 0.000000000E+00 0.000000000E+00
1.100000000E+01 5.217962518E+01 4.607035833E+00 0.000000000E+00 0.000000000E+00 0.000000000E+00
1.200000000E+01 5.266854788E+01 7.851786111E+00 4.799408622E+00 0.000000000E+00 0.000000000E+00
1.300000000E+01 5.264729219E+01 9.999282030E+00 1.059365477E+01 2.717353242E-01 0.000000000E+00
1.400000000E+01 5.235080515E+01 1.139524935E+01 1.520225611E+01 1.025064462E+00 1.647083006E-01
1.500000000E+01 5.190069793E+01 1.231383902E+01 1.854843922E+01 1.679317807E+00 8.303576902E-01
1.600000000E+01 5.136352010E+01 1.293043164E+01 2.090066741E+01 2.167393910E+00 1.359378323E+00
1.700000000E+01 5.077747639E+01 1.335203989E+01 2.255721653E+01 2.506789427E+00 1.737788335E+00
1.800000000E+01 5.016527021E+01 1.364387986E+01 2.374261613E+01 2.739621769E+00 2.000327008E+00
1.900000000E+01 4.954077047E+01 1.384635606E+01 2.460674692E+01 2.901473031E+00 2.183681040E+00
2.000000000E+01 4.891267106E+01 1.398519473E+01 2.524667554E+01 3.016482130E+00 2.314175098E+00
2.200000000E+01 4.766606119E+01 1.413424242E+01 2.608598846E+01 3.161967698E+00 2.478856664E+00
2.400000000E+01 4.645081573E+01 1.417263056E+01 2.655758789E+01 3.243962563E+00 2.570456056E+00
2.600000000E+01 4.527799276E+01 1.414245480E+01 2.680700915E+01 3.291880166E+00 2.622447123E+00
2.800000000E+01 4.415207957E+01 1.406779561E+01 2.691338250E+01 3.319816706E+00 2.651167668E+00
3.000000000E+01 4.307426632E+01 1.396346254E+01 2.692324035E+01 3.335136906E+00 2.665330292E+00
3.200000000E+01 4.204400351E+01 1.383902761E+01 2.686557787E+01 3.341966455E+00 2.669912074E+00
3.400000000E+01 4.105981670E+01 1.370091156E+01 2.675933079E+01 3.342764059E+00 2.667922284E+00
3.600000000E+01 4.011975840E+01 1.355355266E+01 2.661737674E+01 3.339082687E+00 2.661272085E+00
3.800000000E+01 3.922166628E+01 1.340009683E+01 2.644878973E+01 3.331958391E+00 2.651228900E+00
4.000000000E+01 3.836331247E+01 1.324282114E+01 2.626016323E+01 3.322117916E+00 2.638665891E+00
4.200000000E+01 3.754248987E+01 1.308340213E+01 2.605641553E+01 3.310094105E+00 2.624204983E+00
4.400000000E+01 3.675706103E+01 1.292309086E+01 2.584129664E+01 3.296292562E+00 2.608302113E+00
4.600000000E+01 3.600498468E+01 1.276283016E+01 2.561771790E+01 3.281031659E+00 2.591299862E+00
4.800000000E+01 3.528432872E+01 1.260333518E+01 2.538797273E+01 3.264567474E+00 2.573461044E+00
5.000000000E+01 3.459327495E+01 1.244515011E+01 2.515388904E+01 3.247109937E+00 2.554990806E+00
5.500000000E+01 3.295707363E+01 1.211802730E+01 2.448462259E+01 3.190428197E+00 2.517218210E+00
6.000000000E+01 3.149959652E+01 1.174356120E+01 2.388968742E+01 3.140672873E+00 2.467824040E+00
6.500000000E+01 3.017308715E+01 1.138573547E+01 2.330219989E+01 3.089185683E+00 2.418286815E+00
7.000000000E+01 2.896078920E+01 1.104517042E+01 2.272815072E+01 3.036936015E+00 2.369272150E+00
7.500000000E+01 2.784858804E+01 1.072177067E+01 2.217108167E+01 2.984602779E+00 2.321194298E+00
8.000000000E+01 2.682454599E+01 1.041503688E+01 2.163296445E+01 2.932662599E+00 2.274307784E+00
8.500000000E+01 2.587851832E+01 1.012425006E+01 2.111474876E+01 2.881448407E+00 2.228762730E+00
9.000000000E+01 2.500184047E+01 9.848582498E+00 2.061671495E+01 2.831189730E+00 2.184639792E+00
9.500000000E+01 2.418707446E+01 9.587165125E+00 2.013870599E+01 2.782041046E+00 2.141972931E+00
1.000000000E+02 2.342780343E+01 9.339128192E+00 1.968028254E+01 2.734102059E+00 2.100764637E+00
1.100000000E+02 2.205421575E+01 8.879850065E+00 1.881962391E+01 2.642062313E+00 2.022635402E+00
1.200000000E+02 2.084454661E+01 8.464461770E+00 1.802880076E+01 2.555240565E+00 1.949963539E+00
1.400000000E+02 1.881046245E+01 7.743930211E+00 1.663121109E+01 2.396751176E+00 1.819425468E+00
1.600000000E+02 1.716472529E+01 7.141720353E+00 1.543980223E+01 2.256689946E+00 1.705945094E+00
1.800000000E+02 1.580394376E+01 6.631490845E+00 1.441485075E+01 2.132600813E+00 1.606625339E+00
2.000000000E+02 1.465862142E+01 6.193841677E+00 1.352491323E+01 2.022162340E+00 1.519063034E+00
2.500000000E+02 1.245235074E+01 5.330843723E+00 1.174228770E+01 1.793341859E+00 1.339767586E+00
3.000000000E+02 1.086156499E+01 4.693260205E+00 1.040266889E+01 1.614601580E+00 1.201421949E+00
3.500000000E+02 9.655865589E+00 4.201905001E+00 9.357685052E+00 1.471045942E+00 1.091248004E+00
4.000000000E+02 8.707920298E+00 3.810816942E+00 8.518296466E+00 1.353067964E+00 1.001270870E+00
4.500000000E+02 7.941426563E+00 3.491551237E+00 7.828119479E+00 1.254255819E+00 9.262773986E-01
5.000000000E+02 7.307766641E+00 3.225565298E+00 7.249770850E+00 1.170181805E+00 8.627192492E-01
5.390000000E+02 6.884425072E+00 3.046818498E+00 6.859413001E+00 1.112774665E+00 8.194478510E-01
5.400000000E+02 6.874268123E+00 3.042525572E+00 6.850023305E+00 1.111384617E+00 8.184013377E-01
6.000000000E+02 6.318836865E+00 2.806714524E+00 6.332933257E+00 1.034485486E+00 7.605977583E-01
7.000000000E+02 5.580256900E+00 2.490873884E+00 5.636684390E+00 9.294173173E-01 6.819024147E-01
8.000000000E+02 5.006009577E+00 2.243473108E+00 5.088390139E+00 8.454180960E-01 6.192160974E-01
9.000000000E+02 4.545752272E+00 2.043990398E+00 4.644436099E+00 7.765712984E-01 5.679861294E-01
1.000000000E+03 4.167975941E+00 1.879440718E+00 4.276982637E+00 7.190105630E-01 5.252558758E-01
1.500000000E+03 2.984576591E+00 1.358979686E+00 3.107407869E+00 5.321602728E-01 3.871858937E-01
2.000000000E+03 2.343990407E+00 1.073779736E+00 2.461720692E+00 4.264506919E-01 3.095051135E-01
2.500000000E+03 1.940885651E+00 8.929213193E-01 2.050509823E+00 3.580875840E-01 2.594416303E-01
3.000000000E+03 1.662395505E+00 7.672848578E-01 1.764051029E+00 3.099446329E-01 2.242708266E-01
3.500000000E+03 1.457760636E+00 6.745788162E-01 1.552250716E+00 2.740543501E-01 1.980989025E-01
4.000000000E+03 1.300653201E+00 6.031647921E-01 1.388847798E+00 2.461829148E-01 1.778037256E-01
4.500000000E+03 1.176008587E+00 5.463494145E-01 1.258693690E+00 2.238625232E-01 1.615697921E-01
5.000000000E+03 1.074562801E+00 4.999996483E-01 1.152412648E+00 2.055529948E-01 1.482661737E-01
6.000000000E+03 9.191172613E-01 4.287755654E-01 9.889150141E-01 1.772316194E-01 1.277123466E-01
7.000000000E+03 8.053160339E-01 3.764656878E-01 8.686965818E-01 1.562791643E-01 1.125263829E-01
8.000000000E+03 7.182038315E-01 3.363203148E-01 7.763542116E-01 1.401058365E-01 1.008165172E-01
9.000000000E+03 6.492612101E-01 3.044801067E-01 7.030654957E-01 1.272173234E-01 9.149297657E-02
1.000000000E+04 5.932677466E-01 2.785730179E-01 6.434007383E-01 1.166884485E-01 8.388193414E-02
2.000000000E+04 3.017896383E-01 1.615804291E-01 3.502100576E-01 6.770972003E-02 4.378815929E-02
3.000000000E+04 2.155732318E-01 1.158207878E-01 2.510387901E-01 4.884048156E-02 3.153868085E-02
4.000000000E+04 1.707615648E-01 9.194842333E-02 1.992880705E-01 3.892637911E-02 2.511333058E-02
5.000000000E+04 1.431592405E-01 7.720798591E-02 1.673303250E-01 3.277669185E-02 2.113198019E-02
6.000000000E+04 1.243975164E-01 6.717083849E-02 1.455686221E-01 2.857545943E-02 1.841417450E-02
7.000000000E+04 1.107935109E-01 5.988294164E-02 1.297674668E-01 2.551732197E-02 1.643701642E-02
8.000000000E+04 1.004674165E-01 5.434494644E-02 1.177604002E-01 2.318882860E-02 1.493230268E-02
9.000000000E+04 9.235717145E-02 4.999134553E-02 1.083213700E-01 2.135531708E-02 1.374791612E-02
1.000000000E+05 8.581644737E-02 4.647754546E-02 1.007032377E-01 1.987344543E-02 1.279099029E-02
1.100000000E+05 8.077134032E-02 4.389918475E-02 9.512238500E-02 1.880483608E-02 1.209953396E-02
1.200000000E+05 7.628436524E-02 4.149713615E-02 8.991524565E-02 1.779119158E-02 1.144513274E-02
1.300000000E+05 7.247403908E-02 3.945794788E-02 8.549490992E-02 1.693013807E-02 1.088934323E-02
1.400000000E+05 6.919905554E-02 3.770600020E-02 8.169739764E-02 1.619000378E-02 1.041167727E-02
1.500000000E+05 6.635500063E-02 3.618537970E-02 7.840146244E-02 1.554734267E-02 9.996972233E-03
1.600000000E+05 6.386302120E-02 3.485383621E-02 7.551548709E-02 1.498441919E-02 9.633761469E-03
1.700000000E+05 6.166243680E-02 3.367883903E-02 7.296893126E-02 1.448756461E-02 9.313209763E-03
1.800000000E+05 5.970577675E-02 3.263492717E-02 7.070658565E-02 1.404607135E-02 9.028397393E-03
1.900000000E+05 5.795536362E-02 3.170188338E-02 6.868461142E-02 1.365143020E-02 8.773826431E-03
2.000000000E+05 5.638090619E-02 3.086344682E-02 6.686774972E-02 1.329679209E-02 8.545072363E-03
3.000000000E+05 4.649649067E-02 2.563143513E-02 5.553313597E-02 1.108529421E-02 7.118707150E-03
4.000000000E+05 4.172404170E-02 2.314954708E-02 5.015986044E-02 1.004045071E-02 6.444626361E-03
5.000000000E+05 3.900676653E-02 2.177163284E-02 4.717916716E-02 9.464689642E-03 6.072868689E-03
6.000000000E+05 3.730978793E-02 2.093986144E-02 4.538186233E-02 9.121021238E-03 5.850664765E-03
7.000000000E+05 3.618696775E-02 2.041377435E-02 4.424676906E-02 8.907146093E-03 5.712094926E-03
8.000000000E+05 3.541535213E-02 2.007332167E-02 4.351371495E-02 8.771955526E-03 5.624233332E-03
9.000000000E+05 3.487174061E-02 1.985228380E-02 4.303920484E-02 8.687253364E-03 5.568917390E-03
1.000000000E+06 3.415041470E-02 1.940058476E-02 4.205669736E-02 8.485744554E-03 5.439916826E-03
1.200000000E+06 3.357346491E-02 1.918037948E-02 4.158517837E-02 8.403862112E-03 5.386221143E-03
1.400000000E+06 3.324171320E-02 1.908462176E-02 4.138282296E-02 8.374102045E-03 5.366159941E-03
1.600000000E+06 3.305143533E-02 1.905825841E-02 4.133039609E-02 8.373071335E-03 5.364664723E-03
1.800000000E+06 3.294749731E-02 1.907240822E-02 4.136537356E-02 8.388545815E-03 5.373857877E-03
2.000000000E+06 3.289842347E-02 1.911085141E-02 4.145265844E-02 8.413695448E-03 5.389335175E-03
2.200000000E+06 3.288524584E-02 1.916400714E-02 4.157153295E-02 8.444512343E-03 5.408510108E-03
2.400000000E+06 3.289603917E-02 1.922599671E-02 4.170929407E-02 8.478557547E-03 5.429807051E-03
2.600000000E+06 3.292304980E-02 1.929310799E-02 4.185792804E-02 8.514306890E-03 5.452240008E-03
2.800000000E+06 3.296109804E-02 1.936294657E-02 4.201227204E-02 8.550790187E-03 5.475180291E-03
3.000000000E+06 3.300664531E-02 1.943394555E-02 4.216895200E-02 8.587383120E-03 5.498222460E-03
3.200000000E+06 3.305723075E-02 1.950507054E-02 4.232574551E-02 8.623682754E-03 5.521104011E-03
3.400000000E+06 3.311111649E-02 1.957563798E-02 4.248118679E-02 8.659430546E-03 5.543655839E-03
3.600000000E+06 3.316706437E-02 1.964519867E-02 4.263431638E-02 8.694463845E-03 5.565770897E-03
3.800000000E+06 3.322418107E-02 1.971346250E-02 4.278451750E-02 8.728684187E-03 5.587383747E-03
4.000000000E+06 3.328182035E-02 1.978024840E-02 4.293140831E-02 8.762036608E-03 5.608457203E-03
4.200000000E+06 3.333951224E-02 1.984545067E-02 4.307476876E-02 8.794495625E-03 5.628973286E-03
4.400000000E+06 3.339691653E-02 1.990901572E-02 4.321449090E-02 8.826055822E-03 5.648927081E-03
4.600000000E+06 3.345378567E-02 1.997092636E-02 4.335054417E-02 8.856725226E-03 5.668322503E-03
4.800000000E+06 3.350994290E-02 2.003119001E-02 4.348295148E-02 8.886520958E-03 5.687169448E-03
5.000000000E+06 3.356526255E-02 2.008983138E-02 4.361177219E-02 8.915465959E-03 5.705481676E-03
5.200000000E+06 3.361965867E-02 2.014688685E-02 4.373708987E-02 8.943586828E-03 5.723275420E-03
5.400000000E+06 3.367307361E-02 2.020239999E-02 4.385900406E-02 8.970912287E-03 5.740568315E-03
5.600000000E+06 3.372547239E-02 2.025641943E-02 4.397762364E-02 8.997472044E-03 5.757378774E-03
5.800000000E+06 3.377683566E-02 2.030899621E-02 4.409306273E-02 9.023296126E-03 5.773725469E-03
6.000000000E+06 3.382715767E-02 2.036018220E-02 4.420543804E-02 9.048414276E-03 5.789626901E-03
6.200000000E+06 3.387644134E-02 2.041002988E-02 4.431486579E-02 9.072855616E-03 5.805101277E-03
6.400000000E+06 3.392469675E-02 2.045859065E-02 4.442146057E-02 9.096648450E-03 5.820166323E-03
6.600000000E+06 3.397193829E-02 2.050591531E-02 4.452533465E-02 9.119820089E-03 5.834839132E-03
6.800000000E+06 3.401818612E-02 2.055205282E-02 4.462659660E-02 9.142396671E-03 5.849136103E-03
7.000000000E+06 3.406346013E-02 2.059705057E-02 4.472535147E-02 9.164403323E-03 5.863073025E-03
7.200000000E+06 3.410778515E-02 2.064095412E-02 4.482170002E-02 9.185863944E-03 5.876664917E-03
7.400000000E+06 3.415118519E-02 2.068380721E-02 4.491573866E-02 9.206801294E-03 5.889926084E-03
7.600000000E+06 3.419368546E-02 2.072565168E-02 4.500755986E-02 9.227237041E-03 5.902870178E-03
7.800000000E+06 3.423531147E-02 2.076652747E-02 4.509725175E-02 9.247191792E-03 5.915510164E-03
8.000000000E+06 3.427608877E-02 2.080647269E-02 4.518489841E-02 9.266685098E-03 5.927858359E-03
8.200000000E+06 3.431604306E-02 2.084552350E-02 4.527057978E-02 9.285735506E-03 5.939926456E-03
8.400000000E+06 3.435519909E-02 2.088371465E-02 4.535437195E-02 9.304360586E-03 5.951725538E-03
8.600000000E+06 3.439358217E-02 2.092107878E-02 4.543634755E-02 9.322577089E-03 5.963266159E-03
8.800000000E+06 3.443121538E-02 2.095764749E-02 4.551657548E-02 9.340400826E-03 5.974558301E-03
9.000000000E+06 3.446812240E-02 2.099345049E-02 4.559512133E-02 9.357846843E-03 5.985611444E-03
9.200000000E+06 3.450432566E-02 2.102851588E-02 4.567204737E-02 9.374929426E-03 5.996434632E-03
9.400000000E+06 3.453984813E-02 2.106287089E-02 4.574741304E-02 9.391662151E-03 6.007036423E-03
9.600000000E+06 3.457470994E-02 2.109654094E-02 4.582127483E-02 9.408057864E-03 6.017424939E-03
9.800000000E+06 3.460893213E-02 2.112955068E-02 4.589368641E-02 9.424128796E-03 6.027607885E-03
1.000000000E+07 3.464253460E-02 2.116192329E-02 4.596469896E-02 9.439886625E-03 6.037592640E-03
