2.00000000e+02 5.60253131e-01
2.02340506e+02 5.77209613e-01
2.08760855e+02 6.23734306e-01
2.15384924e+02 6.71620421e-01
2.22219178e+02 7.20738374e-01
2.29270285e+02 7.70944810e-01
2.36545127e+02 8.22081551e-01
2.44050803e+02 8.73974466e-01
2.51794637e+02 9.26432264e-01
2.59784186e+02 9.79245186e-01
2.68027247e+02 1.03218362e+00
2.76531863e+02 1.08499660e+00
2.85306335e+02 1.13741021e+00
2.94359224e+02 1.18912586e+00
3.03699365e+02 1.23981849e+00
3.13335873e+02 1.28913453e+00
3.23278151e+02 1.33668988e+00
3.33535902e+02 1.38206762e+00
3.44119135e+02 1.42481562e+00
3.55038179e+02 1.46444397e+00
3.66303689e+02 1.50042221e+00
3.77926658e+02 1.53217647e+00
3.89918429e+02 1.55908626e+00
4.02290703e+02 1.58048119e+00
4.15055555e+02 1.59563735e+00
4.28225441e+02 1.60377354e+00
4.41813214e+02 1.60404722e+00
4.55832131e+02 1.59555013e+00
4.70295875e+02 1.57730371e+00
4.85218560e+02 1.54825414e+00
5.00614747e+02 1.50852537e+00
5.16499463e+02 1.46765128e+00
5.32888206e+02 1.42782994e+00
5.49796972e+02 1.38903778e+00
5.67242259e+02 1.35125153e+00
5.85241093e+02 1.31444827e+00
6.03811037e+02 1.27860538e+00
6.22970214e+02 1.24370061e+00
6.42737319e+02 1.20971203e+00
6.63131643e+02 1.17661808e+00
6.84173087e+02 1.14439755e+00
7.05882185e+02 1.11302961e+00
7.28280121e+02 1.08249375e+00
7.51388754e+02 1.05276986e+00
7.75230633e+02 1.02383819e+00
7.99829025e+02 9.95679354e-01
8.25207934e+02 9.68274335e-01
8.51392126e+02 9.41604483e-01
8.78407154e+02 9.15651516e-01
9.06279380e+02 8.90397517e-01
9.35036003e+02 8.65824933e-01
9.64705086e+02 8.41916575e-01
9.95315582e+02 8.18655609e-01
1.02689736e+03 7.96025562e-01
1.05948124e+03 7.74010311e-01
1.09309903e+03 7.52594085e-01
1.12778351e+03 7.31761457e-01
1.16356856e+03 7.11497344e-01
1.20048907e+03 6.91787002e-01
1.23858109e+03 6.72616017e-01
1.27788179e+03 6.53970309e-01
1.31842951e+03 6.35836120e-01
1.36026383e+03 6.18200011e-01
1.40342557e+03 6.01048860e-01
1.44795685e+03 5.84369854e-01
1.49390112e+03 5.68150485e-01
1.54130323e+03 5.52378546e-01
1.59020943e+03 5.37042122e-01
1.64066744e+03 5.22129589e-01
1.69272650e+03 5.07629607e-01
1.74643742e+03 4.93531115e-01
1.80185261e+03 4.79823325e-01
1.85902614e+03 4.66495717e-01
1.91801382e+03 4.53538035e-01
1.97887320e+03 4.40940279e-01
2.04166367e+03 4.28692703e-01
2.10644651e+03 4.16785807e-01
2.17328494e+03 4.05210334e-01
2.24224418e+03 3.93957262e-01
2.31339152e+03 3.83017803e-01
2.38679640e+03 3.72383395e-01
2.46253045e+03 3.62045695e-01
2.54066757e+03 3.51996581e-01
2.62128401e+03 3.42228139e-01
2.70445845e+03 3.32732665e-01
2.79027205e+03 3.23502655e-01
2.87880855e+03 3.14530804e-01
2.97015434e+03 3.05809998e-01
3.06439858e+03 2.97333314e-01
3.16163323e+03 2.89094010e-01
3.26195317e+03 2.81085525e-01
3.36545631e+03 2.73301474e-01
3.47224364e+03 2.65735641e-01
3.58241938e+03 2.58381977e-01
3.69609105e+03 2.51234597e-01
3.81336956e+03 2.44287774e-01
3.93436937e+03 2.37535933e-01
4.05920855e+03 2.30973654e-01
4.18800894e+03 2.24595662e-01
4.32089621e+03 2.18396823e-01
4.45800005e+03 2.12372147e-01
4.59945426e+03 2.06516776e-01
4.74539686e+03 2.00825988e-01
4.89597029e+03 1.95295187e-01
5.05132147e+03 1.89919905e-01
5.21160201e+03 1.84695796e-01
5.37696832e+03 1.79618632e-01
5.54758177e+03 1.74684304e-01
5.72360885e+03 1.69888813e-01
5.90522135e+03 1.65228272e-01
6.09259650e+03 1.60698902e-01
6.28591713e+03 1.56297026e-01
6.48537190e+03 1.52019072e-01
6.69115546e+03 1.47861564e-01
6.90346862e+03 1.43821124e-01
7.12251856e+03 1.39894466e-01
7.34851905e+03 1.36078398e-01
7.58169063e+03 1.32369815e-01
7.82226084e+03 1.28765699e-01
8.07046445e+03 1.25263115e-01
8.32654366e+03 1.21859212e-01
8.59074837e+03 1.18551215e-01
8.86333640e+03 1.15336430e-01
9.14457377e+03 1.12212238e-01
9.43473491e+03 1.09176090e-01
9.73410299e+03 1.06225511e-01
1.00429701e+04 1.03358096e-01
1.03616378e+04 1.00571506e-01
1.06904169e+04 9.78634661e-02
1.10296283e+04 9.52317683e-02
1.13796030e+04 9.26742647e-02
1.17406825e+04 9.01888682e-02
1.21132193e+04 8.77735502e-02
1.24975768e+04 8.54263392e-02
1.28941301e+04 8.31453193e-02
1.33032663e+04 8.09286281e-02
1.37253845e+04 7.87744560e-02
1.41608967e+04 7.66810442e-02
1.46102278e+04 7.46466835e-02
1.50738165e+04 7.26697128e-02
1.55521150e+04 7.07485179e-02
1.60455901e+04 6.88815300e-02
1.65547233e+04 6.70672248e-02
1.70800116e+04 6.53041208e-02
1.76219675e+04 6.35907784e-02
1.81811199e+04 6.19257986e-02
1.87580144e+04 6.03078222e-02
1.93532141e+04 5.87355279e-02
1.99672996e+04 5.72076323e-02
2.06008704e+04 5.57228878e-02
2.12545446e+04 5.42800824e-02
2.19289602e+04 5.28780384e-02
2.26247753e+04 5.15156111e-02
2.33426689e+04 5.01916886e-02
2.40833415e+04 4.89051903e-02
2.48475160e+04 4.76550660e-02
2.56359380e+04 4.64402957e-02
2.64493771e+04 4.52598879e-02
2.72886268e+04 4.41128793e-02
2.81545064e+04 4.29983340e-02
2.90478606e+04 4.19153426e-02
2.99695614e+04 4.08630215e-02
3.09205081e+04 3.98405120e-02
3.19016287e+04 3.88469800e-02
3.29138807e+04 3.78816150e-02
3.39582519e+04 3.69436293e-02
3.50357614e+04 3.60322578e-02
3.61474608e+04 3.51467572e-02
3.72944348e+04 3.42864049e-02
3.84778028e+04 3.34504994e-02
3.96987195e+04 3.26383586e-02
4.09583765e+04 3.18493201e-02
4.22580029e+04 3.10827403e-02
4.35988670e+04 3.03379938e-02
4.49822772e+04 2.96144732e-02
4.64095837e+04 2.89115880e-02
4.78821792e+04 2.82287650e-02
4.94015007e+04 2.75654469e-02
5.09690310e+04 2.69210925e-02
5.25862996e+04 2.62951760e-02
5.42548849e+04 2.56871866e-02
5.59764150e+04 2.50966279e-02
5.77525701e+04 2.45230179e-02
5.95850832e+04 2.39658881e-02
6.14757428e+04 2.34247836e-02
6.34263938e+04 2.28992624e-02
6.54389398e+04 2.23888950e-02
6.75153447e+04 2.18932645e-02
6.96576348e+04 2.14119656e-02
7.18679006e+04 2.09446047e-02
7.41482991e+04 2.04907995e-02
7.65010557e+04 2.00501787e-02
7.89284661e+04 1.96223814e-02
8.14328993e+04 1.92070574e-02
8.40167992e+04 1.88038662e-02
8.66826874e+04 1.84124772e-02
8.94331652e+04 1.80325694e-02
9.22709169e+04 1.76638310e-02
9.51987117e+04 1.73059589e-02
9.82194066e+04 1.69586590e-02
1.01335949e+05 1.66216455e-02
1.04551381e+05 1.62946410e-02
1.07868840e+05 1.59773760e-02
1.11291564e+05 1.56695886e-02
1.14822892e+05 1.53710248e-02
1.18466270e+05 1.50814375e-02
1.22225254e+05 1.48005872e-02
1.26103512e+05 1.45282410e-02
1.30104830e+05 1.42641727e-02
1.34233110e+05 1.40081630e-02
1.38492383e+05 1.37599986e-02
1.42886804e+05 1.35194724e-02
1.47420662e+05 1.32863835e-02
1.52098381e+05 1.30605367e-02
1.56924526e+05 1.28417424e-02
1.61903807e+05 1.26298166e-02
1.67041083e+05 1.24245806e-02
1.72341366e+05 1.22258609e-02
1.77809829e+05 1.20334890e-02
1.83451810e+05 1.18473013e-02
1.89272812e+05 1.16671391e-02
1.95278518e+05 1.14928480e-02
2.01474787e+05 1.13242783e-02
2.07867666e+05 1.11612846e-02
2.14463394e+05 1.10037257e-02
2.21268407e+05 1.08514646e-02
2.28289346e+05 1.07043681e-02
2.35533062e+05 1.05623069e-02
2.43006624e+05 1.04251555e-02
2.50717326e+05 1.02927921e-02
2.58672691e+05 1.01650983e-02
2.66880484e+05 1.00419590e-02
2.75348713e+05 9.92326268e-03
2.84085643e+05 9.80890087e-03
2.93099799e+05 9.69876825e-03
3.02399978e+05 9.59276251e-03
3.11995256e+05 9.49078426e-03
3.21894996e+05 9.39273696e-03
3.32108858e+05 9.29852681e-03
3.42646811e+05 9.20806267e-03
3.53519138e+05 9.12125597e-03
3.64736447e+05 9.03802066e-03
3.76309687e+05 8.95827308e-03
3.88250151e+05 8.88193195e-03
4.00569490e+05 8.80891823e-03
4.13279728e+05 8.73915509e-03
4.26393266e+05 8.67256783e-03
4.39922903e+05 8.60908380e-03
4.53881840e+05 8.54863238e-03
4.68283700e+05 8.49114483e-03
4.83142538e+05 8.43655434e-03
4.98472852e+05 8.38479588e-03
5.14289604e+05 8.33580618e-03
5.30608228e+05 8.28952369e-03
5.47444649e+05 8.24588849e-03
5.64815296e+05 8.20484229e-03
5.82737122e+05 8.16632832e-03
6.01227614e+05 8.13029133e-03
6.20304817e+05 8.09667756e-03
6.39987348e+05 8.06543461e-03
6.60294414e+05 8.03651152e-03
6.81245832e+05 8.00985862e-03
7.02862047e+05 7.98542759e-03
7.25164153e+05 7.96317134e-03
7.48173914e+05 7.94304405e-03
7.71913785e+05 7.92500108e-03
7.96406932e+05 7.90899897e-03
8.21677257e+05 7.89499542e-03
8.47749419e+05 7.88294925e-03
8.74648863e+05 7.87282036e-03
9.02401837e+05 7.86456976e-03
9.31035424e+05 7.85815947e-03
9.60577567e+05 7.85355258e-03
9.91057094e+05 7.85071318e-03
1.02250375e+06 7.84960636e-03
1.05494822e+06 7.85019819e-03
1.08842217e+06 7.85245572e-03
1.12295826e+06 7.85634695e-03
1.15859019e+06 7.86184082e-03
1.19535274e+06 7.86890719e-03
1.23328179e+06 7.87751687e-03
1.27241433e+06 7.88764157e-03
1.31278857e+06 7.89925389e-03
1.35444390e+06 7.91232735e-03
1.39742097e+06 7.92683635e-03
1.44176172e+06 7.94275617e-03
1.48750942e+06 7.96006299e-03
1.53470872e+06 7.97873383e-03
1.58340567e+06 7.99874661e-03
1.63364779e+06 8.02008011e-03
1.68548412e+06 8.04271396e-03
1.73896523e+06 8.06662867e-03
1.79414333e+06 8.09180558e-03
1.85107224e+06 8.11822693e-03
1.90980754e+06 8.14587576e-03
1.97040653e+06 8.17473600e-03
2.03292835e+06 8.20479242e-03
2.09743402e+06 8.23603063e-03
2.16398648e+06 8.26843709e-03
2.23265067e+06 8.30199911e-03
2.30349361e+06 8.33670485e-03
2.37658442e+06 8.37254330e-03
2.45199444e+06 8.40950430e-03
2.52979725e+06 8.44757854e-03
2.61006877e+06 8.48675754e-03
2.69288735e+06 8.52703367e-03
2.77833379e+06 8.56840014e-03
2.86649148e+06 8.61085099e-03
2.95744645e+06 8.65438111e-03
3.05128746e+06 8.69898624e-03
3.14810609e+06 8.74466294e-03
3.24799681e+06 8.79140864e-03
3.35105710e+06 8.83922157e-03
3.45738755e+06 8.88810085e-03
3.56709190e+06 8.93804642e-03
3.68027721e+06 8.98905907e-03
3.79705395e+06 9.04114043e-03
3.91753605e+06 9.09429299e-03
4.04184111e+06 9.14852010e-03
4.17009042e+06 9.20382596e-03
4.30240913e+06 9.26021562e-03
4.43892637e+06 9.31769501e-03
4.57977535e+06 9.37627092e-03
4.72509354e+06 9.43595102e-03
4.87502273e+06 9.49674387e-03
5.02970924e+06 9.55865889e-03
5.18930401e+06 9.62170643e-03
5.35396280e+06 9.68589772e-03
5.52384627e+06 9.75124492e-03
5.69912022e+06 9.81776111e-03
5.87995569e+06 9.88546031e-03
6.06652914e+06 9.95435748e-03
6.25902264e+06 1.00244686e-02
6.45762405e+06 1.00958104e-02
6.66252716e+06 1.01684010e-02
6.87393193e+06 1.02422592e-02
7.09204466e+06 1.03174050e-02
7.31707820e+06 1.03938593e-02
7.54925214e+06 1.04716442e-02
7.78879307e+06 1.05507829e-02
8.03593473e+06 1.06312996e-02
8.29091829e+06 1.07132198e-02
8.55399259e+06 1.07965702e-02
8.82541435e+06 1.08813784e-02
9.10544844e+06 1.09676736e-02
9.39436812e+06 1.10554861e-02
9.69245534e+06 1.11448475e-02
1.00000010e+07 1.12357909e-02
