10.000000 2.503430e-15
10.116000 2.481260e-15
10.233000 2.459360e-15
10.352000 2.437570e-15
10.472000 2.416070e-15
10.593000 2.394860e-15
10.716000 2.373750e-15
10.840000 2.352930e-15
10.966000 2.332230e-15
11.093000 2.311820e-15
11.221000 2.291690e-15
11.352000 2.271540e-15
11.483000 2.251820e-15
11.616000 2.232230e-15
11.751000 2.212780e-15
11.887000 2.193610e-15
12.025000 2.174570e-15
12.164000 2.155820e-15
12.305000 2.137210e-15
12.448000 2.118750e-15
12.592000 2.100560e-15
12.738000 2.082510e-15
12.886000 2.064620e-15
13.035000 2.047000e-15
13.186000 2.029530e-15
13.339000 2.012210e-15
13.494000 1.995040e-15
13.650000 1.978140e-15
13.808000 1.961400e-15
13.968000 1.944810e-15
14.130000 1.928370e-15
14.294000 1.912100e-15
14.460000 1.895980e-15
14.627000 1.880110e-15
14.797000 1.864310e-15
14.968000 1.848760e-15
15.142000 1.833280e-15
15.317000 1.818040e-15
15.495000 1.802880e-15
15.675000 1.787880e-15
15.856000 1.773120e-15
16.040000 1.758490e-15
16.226000 1.744030e-15
16.414000 1.729730e-15
16.604000 1.715590e-15
16.797000 1.701520e-15
16.991000 1.687680e-15
17.188000 1.673910e-15
17.388000 1.660170e-15
17.589000 1.646640e-15
17.793000 1.633240e-15
17.999000 1.620020e-15
18.208000 1.606920e-15
18.419000 1.594000e-15
18.632000 1.581250e-15
18.848000 1.568610e-15
19.067000 1.556090e-15
19.288000 1.543740e-15
19.511000 1.531560e-15
19.738000 1.519430e-15
19.966000 1.507520e-15
20.198000 1.495670e-15
20.432000 1.483980e-15
20.669000 1.472400e-15
20.908000 1.460990e-15
21.151000 1.447560e-15
21.396000 1.433250e-15
21.644000 1.419260e-15
21.895000 1.405520e-15
22.149000 1.391970e-15
22.405000 1.378700e-15
22.665000 1.365570e-15
22.928000 1.352650e-15
23.193000 1.339900e-15
23.462000 1.327290e-15
23.734000 1.314850e-15
24.009000 1.302570e-15
24.288000 1.290380e-15
24.569000 1.278390e-15
24.854000 1.266520e-15
25.142000 1.254780e-15
25.433000 1.243190e-15
25.728000 1.231710e-15
26.026000 1.220360e-15
26.328000 1.209140e-15
26.633000 1.198070e-15
26.942000 1.187140e-15
27.254000 1.176500e-15
27.570000 1.165950e-15
27.890000 1.155410e-15
28.213000 1.144970e-15
28.540000 1.134630e-15
28.871000 1.124310e-15
29.206000 1.114050e-15
29.544000 1.103880e-15
29.887000 1.093760e-15
30.233000 1.083720e-15
30.583000 1.073760e-15
30.938000 1.063840e-15
31.296000 1.053930e-15
31.659000 1.044130e-15
32.026000 1.034350e-15
32.397000 1.024670e-15
32.773000 1.014970e-15
33.153000 1.005350e-15
33.537000 9.957910e-16
33.926000 9.862500e-16
34.319000 9.767600e-16
34.717000 9.672860e-16
35.119000 9.577880e-16
35.526000 9.483610e-16
35.938000 9.390600e-16
36.355000 9.298870e-16
36.776000 9.208540e-16
37.202000 9.119220e-16
37.634000 9.030880e-16
38.070000 8.943970e-16
38.511000 8.858080e-16
38.957000 8.773260e-16
39.409000 8.689340e-16
39.866000 8.606740e-16
40.328000 8.525080e-16
40.795000 8.444560e-16
41.268000 8.365210e-16
41.747000 8.286760e-16
42.230000 8.209790e-16
42.720000 8.133800e-16
43.215000 8.059230e-16
43.716000 7.985300e-16
44.223000 7.912000e-16
44.735000 7.839310e-16
45.254000 7.767230e-16
45.778000 7.695890e-16
46.309000 7.625020e-16
46.846000 7.554660e-16
47.389000 7.485050e-16
47.938000 7.416030e-16
48.494000 7.347550e-16
49.056000 7.279610e-16
49.624000 7.212320e-16
50.200000 7.145400e-16
50.782000 7.079190e-16
51.370000 7.013570e-16
51.966000 6.948250e-16
52.568000 6.883720e-16
53.177000 6.819750e-16
53.794000 6.756110e-16
54.417000 6.693100e-16
55.048000 6.630660e-16
55.686000 6.568650e-16
56.331000 6.507320e-16
56.984000 6.446220e-16
57.645000 6.385840e-16
58.313000 6.325980e-16
58.989000 6.266560e-16
59.673000 6.207610e-16
60.364000 6.149220e-16
61.064000 6.091370e-16
61.772000 6.033940e-16
62.488000 5.976980e-16
63.212000 5.920510e-16
63.945000 5.864650e-16
64.686000 5.809160e-16
65.436000 5.754110e-16
66.194000 5.699700e-16
66.962000 5.645650e-16
67.738000 5.592190e-16
68.523000 5.538980e-16
69.317000 5.486400e-16
70.121000 5.434250e-16
70.933000 5.382680e-16
71.756000 5.331350e-16
72.587000 5.280650e-16
73.429000 5.230270e-16
74.280000 5.180440e-16
75.141000 5.131010e-16
76.012000 5.082120e-16
76.893000 5.033590e-16
77.784000 4.985530e-16
78.686000 4.937900e-16
79.598000 4.890770e-16
80.520000 4.843960e-16
81.454000 4.797570e-16
82.398000 4.751790e-16
83.353000 4.706310e-16
84.319000 4.661310e-16
85.296000 4.616680e-16
86.285000 4.572520e-16
87.285000 4.528800e-16
88.297000 4.485460e-16
89.320000 4.442470e-16
90.356000 4.400000e-16
91.403000 4.357940e-16
92.463000 4.316160e-16
93.534000 4.274930e-16
94.618000 4.234100e-16
95.715000 4.193680e-16
96.825000 4.153550e-16
97.947000 4.113970e-16
99.082000 4.074760e-16
100.231000 4.035340e-16
101.393000 3.994470e-16
102.568000 3.954020e-16
103.757000 3.913980e-16
104.959000 3.874370e-16
106.176000 3.835220e-16
107.407000 3.796500e-16
108.652000 3.758140e-16
109.911000 3.720310e-16
111.185000 3.682900e-16
112.474000 3.645830e-16
113.777000 3.609280e-16
115.096000 3.572970e-16
116.430000 3.537120e-16
117.780000 3.501800e-16
119.145000 3.466850e-16
120.526000 3.432250e-16
121.923000 3.398000e-16
123.336000 3.364200e-16
124.766000 3.330780e-16
126.212000 3.297710e-16
127.675000 3.265070e-16
129.155000 3.232790e-16
130.652000 3.200860e-16
132.166000 3.169310e-16
133.698000 3.138140e-16
135.248000 3.107260e-16
136.816000 3.076770e-16
138.402000 3.046630e-16
140.006000 3.016840e-16
141.629000 2.987370e-16
143.270000 2.958210e-16
144.931000 2.929450e-16
146.611000 2.900970e-16
148.310000 2.872770e-16
150.029000 2.844960e-16
151.768000 2.817450e-16
153.528000 2.790170e-16
155.307000 2.763260e-16
157.107000 2.736600e-16
158.928000 2.710290e-16
160.770000 2.684250e-16
162.634000 2.658440e-16
164.519000 2.632980e-16
166.426000 2.607750e-16
168.355000 2.582830e-16
170.307000 2.558180e-16
172.281000 2.533770e-16
174.277000 2.509680e-16
176.298000 2.485740e-16
178.341000 2.462140e-16
180.408000 2.438780e-16
182.499000 2.415640e-16
184.615000 2.392760e-16
186.755000 2.370100e-16
188.919000 2.347750e-16
191.109000 2.325540e-16
193.324000 2.303650e-16
195.565000 2.281920e-16
197.832000 2.260490e-16
200.125000 2.239230e-16
202.445000 2.218240e-16
204.791000 2.197440e-16
207.165000 2.176870e-16
209.566000 2.156510e-16
211.995000 2.136390e-16
214.453000 2.116440e-16
216.938000 2.096750e-16
219.453000 2.077220e-16
221.997000 2.057920e-16
224.570000 2.038810e-16
227.173000 2.019900e-16
229.806000 2.001230e-16
232.470000 1.982720e-16
235.164000 1.964440e-16
237.890000 1.946320e-16
240.648000 1.928380e-16
243.437000 1.910650e-16
246.259000 1.893100e-16
249.113000 1.875730e-16
252.000000 1.858540e-16
254.921000 1.841560e-16
257.876000 1.824730e-16
260.865000 1.808090e-16
263.889000 1.791620e-16
266.948000 1.775330e-16
270.042000 1.759200e-16
273.172000 1.743250e-16
276.339000 1.727460e-16
279.542000 1.711830e-16
282.782000 1.696380e-16
286.060000 1.681060e-16
289.375000 1.665930e-16
292.729000 1.650950e-16
296.123000 1.636120e-16
299.555000 1.621440e-16
303.027000 1.606930e-16
306.540000 1.592560e-16
310.093000 1.578350e-16
313.687000 1.564280e-16
317.323000 1.550350e-16
321.001000 1.536570e-16
324.722000 1.522930e-16
328.486000 1.509430e-16
332.293000 1.496090e-16
336.145000 1.482870e-16
340.041000 1.469790e-16
343.983000 1.456840e-16
347.970000 1.444030e-16
352.003000 1.431340e-16
356.083000 1.418780e-16
360.211000 1.406330e-16
364.386000 1.394020e-16
368.610000 1.381830e-16
372.882000 1.369760e-16
377.204000 1.357800e-16
381.576000 1.345960e-16
385.999000 1.334230e-16
390.474000 1.322610e-16
395.000000 1.311100e-16
399.578000 1.299700e-16
404.210000 1.288400e-16
408.895000 1.277210e-16
413.634000 1.266130e-16
418.429000 1.255150e-16
423.279000 1.244270e-16
428.185000 1.233480e-16
433.148000 1.222790e-16
438.169000 1.212210e-16
443.248000 1.201720e-16
448.386000 1.191320e-16
453.583000 1.181020e-16
458.840000 1.170810e-16
464.159000 1.160680e-16
469.539000 1.150650e-16
474.981000 1.140700e-16
480.487000 1.130840e-16
486.056000 1.121070e-16
491.690000 1.111390e-16
497.390000 1.101780e-16
503.155000 1.092270e-16
508.987000 1.082830e-16
514.887000 1.073470e-16
520.855000 1.064200e-16
526.892000 1.055000e-16
532.999000 1.045880e-16
539.177000 1.036840e-16
545.427000 1.027880e-16
551.749000 1.018980e-16
558.145000 1.010160e-16
564.614000 1.001420e-16
571.159000 9.927400e-17
577.779000 9.841380e-17
584.476000 9.756050e-17
591.251000 9.671360e-17
598.104000 9.587410e-17
605.037000 9.504110e-17
612.050000 9.421470e-17
619.144000 9.339450e-17
626.321000 9.258090e-17
633.580000 9.177390e-17
640.924000 9.097280e-17
648.353000 9.017830e-17
655.869000 8.938980e-17
663.471000 8.860710e-17
671.161000 8.783070e-17
678.941000 8.706040e-17
686.810000 8.629600e-17
694.771000 8.553730e-17
702.824000 8.478460e-17
710.971000 8.403760e-17
719.212000 8.329630e-17
727.548000 8.256090e-17
735.981000 8.183110e-17
744.512000 8.110680e-17
753.142000 8.038850e-17
761.872000 7.967570e-17
770.703000 7.896810e-17
779.636000 7.826640e-17
788.673000 7.757020e-17
797.814000 7.687930e-17
807.062000 7.619370e-17
816.417000 7.551350e-17
825.880000 7.483870e-17
835.453000 7.416900e-17
845.137000 7.350470e-17
854.933000 7.284540e-17
864.842000 7.219120e-17
874.867000 7.154230e-17
885.007000 7.089840e-17
895.266000 7.025910e-17
905.643000 6.962510e-17
916.140000 6.899600e-17
926.759000 6.837150e-17
937.502000 6.775200e-17
948.368000 6.713720e-17
959.361000 6.652700e-17
970.481000 6.592170e-17
981.730000 6.532090e-17
993.109000 6.472470e-17
1004.620000 6.413330e-17
1016.260000 6.354630e-17
1028.050000 6.296380e-17
1039.960000 6.238590e-17
1052.020000 6.181250e-17
1064.210000 6.124350e-17
1076.550000 6.067900e-17
1089.020000 6.011890e-17
1101.650000 5.956310e-17
1114.410000 5.901170e-17
1127.330000 5.846460e-17
1140.400000 5.792190e-17
1153.620000 5.738340e-17
1166.990000 5.684920e-17
1180.520000 5.631920e-17
1194.200000 5.579350e-17
1208.040000 5.527190e-17
1222.050000 5.475460e-17
1236.210000 5.424140e-17
1250.540000 5.373220e-17
1265.030000 5.322730e-17
1279.700000 5.272640e-17
1294.530000 5.222950e-17
1309.540000 5.173660e-17
1324.710000 5.124770e-17
1340.070000 5.076270e-17
1355.600000 5.028180e-17
1371.320000 4.980460e-17
1387.210000 4.933140e-17
1403.290000 4.886200e-17
1419.560000 4.839640e-17
1436.010000 4.793470e-17
1452.650000 4.747660e-17
1469.490000 4.702240e-17
1486.530000 4.657190e-17
1503.760000 4.612500e-17
1521.190000 4.568180e-17
1538.820000 4.524230e-17
1556.650000 4.480650e-17
1574.700000 4.437410e-17
1592.950000 4.394550e-17
1611.410000 4.352050e-17
1630.090000 4.309890e-17
1648.990000 4.268100e-17
1668.100000 4.226650e-17
1687.440000 4.185570e-17
1706.990000 4.144820e-17
1726.780000 4.104430e-17
1746.800000 4.064370e-17
1767.040000 4.024660e-17
1787.530000 3.985290e-17
1808.240000 3.946260e-17
1829.200000 3.907560e-17
1850.410000 3.869200e-17
1871.860000 3.831160e-17
1893.550000 3.793450e-17
1915.500000 3.756070e-17
1937.700000 3.719010e-17
1960.160000 3.682280e-17
1982.880000 3.645860e-17
2005.870000 3.609760e-17
2029.120000 3.573970e-17
2052.640000 3.538490e-17
2076.430000 3.503330e-17
2100.500000 3.468480e-17
2124.840000 3.433930e-17
2149.470000 3.399690e-17
2174.390000 3.365750e-17
2199.590000 3.332120e-17
2225.090000 3.298780e-17
2250.880000 3.265740e-17
2276.970000 3.233000e-17
2303.360000 3.200560e-17
2330.060000 3.168400e-17
2357.070000 3.136530e-17
2384.390000 3.104950e-17
2412.030000 3.073660e-17
2439.990000 3.042650e-17
2468.270000 3.011920e-17
2496.880000 2.981480e-17
2525.820000 2.951310e-17
2555.100000 2.921410e-17
2584.710000 2.891790e-17
2614.670000 2.862440e-17
2644.980000 2.833350e-17
2675.640000 2.804540e-17
2706.650000 2.775990e-17
2738.030000 2.747700e-17
2769.760000 2.719680e-17
2801.870000 2.691920e-17
2834.340000 2.664410e-17
2867.200000 2.637170e-17
2900.430000 2.610170e-17
2934.050000 2.583430e-17
2968.060000 2.556940e-17
3002.460000 2.530700e-17
3037.260000 2.504710e-17
3072.470000 2.478960e-17
3108.080000 2.453450e-17
3144.110000 2.428190e-17
3180.550000 2.403170e-17
3217.420000 2.378380e-17
3254.710000 2.353830e-17
3292.440000 2.329510e-17
3330.600000 2.305430e-17
3369.210000 2.281570e-17
3408.260000 2.257940e-17
3447.760000 2.234540e-17
3487.730000 2.211370e-17
3528.150000 2.188420e-17
3569.050000 2.165690e-17
3610.420000 2.143180e-17
3652.270000 2.120880e-17
3694.600000 2.098810e-17
3737.430000 2.076950e-17
3780.750000 2.055300e-17
3824.570000 2.033860e-17
3868.900000 2.012630e-17
3913.750000 1.991610e-17
3959.110000 1.970800e-17
4005.000000 1.950180e-17
4051.420000 1.929780e-17
4098.380000 1.909570e-17
4145.890000 1.889560e-17
4193.940000 1.869750e-17
4242.560000 1.850130e-17
4291.730000 1.830710e-17
4341.480000 1.811480e-17
4391.800000 1.792440e-17
4442.710000 1.773590e-17
4494.200000 1.754930e-17
4546.300000 1.736460e-17
4598.990000 1.718170e-17
4652.300000 1.700060e-17
4706.230000 1.682130e-17
4760.770000 1.664390e-17
4815.960000 1.646820e-17
4871.780000 1.629420e-17
4928.250000 1.612210e-17
4985.370000 1.595160e-17
5043.160000 1.578290e-17
5101.610000 1.561590e-17
5160.750000 1.545060e-17
5220.570000 1.528690e-17
5281.080000 1.512490e-17
5342.290000 1.496460e-17
5404.220000 1.480590e-17
5466.860000 1.464880e-17
5530.220000 1.449330e-17
5594.330000 1.433940e-17
5659.170000 1.418700e-17
5724.770000 1.403630e-17
5791.120000 1.388700e-17
5858.250000 1.373930e-17
5926.150000 1.359310e-17
5994.840000 1.344840e-17
6064.330000 1.330520e-17
6134.620000 1.316350e-17
6205.730000 1.302320e-17
6277.660000 1.288440e-17
6350.430000 1.274700e-17
6424.030000 1.261100e-17
6498.490000 1.247650e-17
6573.820000 1.234330e-17
6650.020000 1.221150e-17
6727.100000 1.208110e-17
6805.070000 1.195200e-17
6883.950000 1.182430e-17
6963.740000 1.169790e-17
7044.460000 1.157280e-17
7126.110000 1.144910e-17
7208.720000 1.132660e-17
7292.270000 1.120540e-17
7376.800000 1.108540e-17
7462.300000 1.096680e-17
7548.800000 1.084930e-17
7636.300000 1.073310e-17
7724.810000 1.061810e-17
7814.350000 1.050440e-17
7904.930000 1.039180e-17
7996.560000 1.028040e-17
8089.240000 1.017020e-17
8183.010000 1.006110e-17
8277.860000 9.953210e-18
8373.810000 9.846450e-18
8470.870000 9.740810e-18
8569.060000 9.636290e-18
8668.380000 9.532880e-18
8768.860000 9.430560e-18
8870.500000 9.329330e-18
8973.320000 9.229170e-18
9077.330000 9.130080e-18
9182.540000 9.032040e-18
9288.980000 8.935050e-18
9396.650000 8.839080e-18
9505.570000 8.744140e-18
9615.750000 8.650220e-18
9727.200000 8.557290e-18
9839.950000 8.465360e-18
9954.010000 8.374410e-18
10069.400000 8.280100e-18
10186.100000 8.191180e-18
10304.200000 8.103210e-18
10423.600000 8.016190e-18
10544.400000 7.930090e-18
10666.600000 7.844920e-18
10790.300000 7.760670e-18
10915.400000 7.677320e-18
11041.900000 7.594860e-18
11169.900000 7.513290e-18
11299.300000 7.432600e-18
11430.300000 7.352780e-18
11562.800000 7.273820e-18
11696.800000 7.195710e-18
11832.400000 7.118440e-18
11969.600000 7.042010e-18
12108.300000 6.966400e-18
12248.600000 6.891620e-18
12390.600000 6.817630e-18
12534.200000 6.744460e-18
12679.500000 6.672070e-18
12826.500000 6.600470e-18
12975.200000 6.529640e-18
13125.600000 6.459590e-18
13277.700000 6.390290e-18
13431.600000 6.321750e-18
13587.300000 6.253950e-18
13744.800000 6.186890e-18
13904.100000 6.120560e-18
14065.300000 6.054960e-18
14228.300000 5.990060e-18
14393.200000 5.925880e-18
14560.100000 5.862400e-18
14728.800000 5.799610e-18
14899.600000 5.737500e-18
15072.300000 5.676070e-18
15247.000000 5.615320e-18
15423.700000 5.555230e-18
15602.500000 5.495800e-18
15783.300000 5.437020e-18
15966.300000 5.378880e-18
16151.300000 5.321380e-18
16338.500000 5.264510e-18
16527.900000 5.208270e-18
16719.500000 5.152640e-18
16913.300000 5.097620e-18
17109.300000 5.043210e-18
17307.700000 4.989400e-18
17508.300000 4.936180e-18
17711.200000 4.883540e-18
17916.500000 4.831490e-18
18124.200000 4.780010e-18
18334.300000 4.729090e-18
18546.800000 4.678740e-18
18761.700000 4.628940e-18
18979.200000 4.579690e-18
19199.200000 4.530990e-18
19421.700000 4.482830e-18
19646.900000 4.435190e-18
19874.600000 4.388090e-18
20105.000000 4.341500e-18
20338.000000 4.295430e-18
20573.700000 4.249870e-18
20812.200000 4.204820e-18
21053.500000 4.160260e-18
21297.500000 4.116200e-18
21544.300000 4.072620e-18
21794.100000 4.029530e-18
22046.700000 3.986920e-18
22302.200000 3.944780e-18
22560.700000 3.903110e-18
22822.200000 3.861910e-18
23086.800000 3.821160e-18
23354.400000 3.780860e-18
23625.100000 3.741010e-18
23898.900000 3.701610e-18
24175.900000 3.662640e-18
24456.200000 3.624110e-18
24739.600000 3.586010e-18
25026.400000 3.548330e-18
25316.500000 3.511070e-18
25609.900000 3.474230e-18
25906.800000 3.437800e-18
26207.100000 3.401770e-18
26510.800000 3.366150e-18
26818.100000 3.330920e-18
27129.000000 3.296090e-18
27443.400000 3.261650e-18
27761.500000 3.227590e-18
28083.300000 3.193910e-18
28408.800000 3.160610e-18
28738.100000 3.127680e-18
29071.200000 3.095120e-18
29408.200000 3.062930e-18
29749.100000 3.031090e-18
30093.900000 2.999620e-18
30442.700000 2.968490e-18
30795.600000 2.937720e-18
31152.500000 2.907280e-18
31513.600000 2.877190e-18
31878.900000 2.847440e-18
32248.400000 2.818020e-18
32622.200000 2.788940e-18
33000.300000 2.760170e-18
33382.900000 2.731740e-18
33769.800000 2.703620e-18
34161.200000 2.675820e-18
34557.200000 2.648330e-18
34957.800000 2.621140e-18
35363.000000 2.594270e-18
35772.900000 2.567700e-18
36187.500000 2.541420e-18
36607.000000 2.515440e-18
37031.300000 2.489760e-18
37460.500000 2.464360e-18
37894.700000 2.439250e-18
38334.000000 2.414430e-18
38778.300000 2.389880e-18
39227.800000 2.365610e-18
39682.500000 2.341610e-18
40142.400000 2.317890e-18
40607.700000 2.294430e-18
41078.400000 2.271240e-18
41554.600000 2.248310e-18
42036.200000 2.225630e-18
42523.500000 2.203220e-18
43016.400000 2.181060e-18
43515.000000 2.159140e-18
44019.400000 2.137480e-18
44529.600000 2.116060e-18
45045.700000 2.094890e-18
45567.900000 2.073950e-18
46096.000000 2.053250e-18
46630.300000 2.032780e-18
47170.800000 2.012550e-18
47717.600000 1.992550e-18
48270.700000 1.972770e-18
48830.200000 1.953220e-18
49396.200000 1.933880e-18
49968.800000 1.914770e-18
50548.000000 1.895880e-18
51133.900000 1.877190e-18
51726.600000 1.858730e-18
52326.100000 1.840470e-18
52932.700000 1.822410e-18
53546.200000 1.804570e-18
54166.900000 1.786920e-18
54794.700000 1.769480e-18
55429.900000 1.752230e-18
56072.300000 1.735180e-18
56722.300000 1.718330e-18
57379.800000 1.701670e-18
58044.900000 1.685190e-18
58717.700000 1.668900e-18
59398.300000 1.652800e-18
60086.800000 1.636890e-18
60783.200000 1.621150e-18
61487.800000 1.605590e-18
62200.500000 1.590210e-18
62921.500000 1.575010e-18
63650.800000 1.559970e-18
64388.600000 1.545110e-18
65134.900000 1.530420e-18
65889.900000 1.515900e-18
66653.600000 1.501540e-18
67426.200000 1.487350e-18
68207.800000 1.473320e-18
68998.400000 1.459450e-18
69798.100000 1.445740e-18
70607.200000 1.432180e-18
71425.600000 1.418780e-18
72253.500000 1.405530e-18
73091.000000 1.392440e-18
73938.200000 1.379490e-18
74795.200000 1.366690e-18
75662.200000 1.354040e-18
76539.200000 1.341530e-18
77426.400000 1.329170e-18
78323.800000 1.316950e-18
79231.700000 1.304870e-18
80150.100000 1.292920e-18
81079.100000 1.281120e-18
82018.900000 1.269450e-18
82969.600000 1.257910e-18
83931.300000 1.246500e-18
84904.200000 1.235230e-18
85888.300000 1.224090e-18
86883.800000 1.213070e-18
87890.900000 1.202180e-18
88909.700000 1.191420e-18
89940.200000 1.180780e-18
90982.700000 1.170260e-18
92037.300000 1.159860e-18
93104.100000 1.149590e-18
94183.300000 1.139430e-18
95275.000000 1.129380e-18
96379.300000 1.119460e-18
97496.500000 1.109650e-18
98626.600000 1.099950e-18
99769.800000 1.090360e-18
100926.000000 1.080880e-18
102096.000000 1.071520e-18
103279.000000 1.062260e-18
104477.000000 1.053100e-18
105688.000000 1.044060e-18
106913.000000 1.035120e-18
108152.000000 1.026280e-18
109405.000000 1.017540e-18
110674.000000 1.008910e-18
111956.000000 1.000370e-18
113254.000000 9.919340e-19
114567.000000 9.835950e-19
115895.000000 9.753530e-19
117238.000000 9.672060e-19
118597.000000 9.591540e-19
119972.000000 9.511950e-19
121362.000000 9.433290e-19
122769.000000 9.355540e-19
124192.000000 9.278690e-19
125632.000000 9.202730e-19
127088.000000 9.127660e-19
128561.000000 9.053460e-19
130051.000000 8.980130e-19
131559.000000 8.907650e-19
133083.000000 8.836010e-19
134626.000000 8.765210e-19
136187.000000 8.695240e-19
137765.000000 8.626080e-19
139362.000000 8.557720e-19
140977.000000 8.490170e-19
142611.000000 8.423400e-19
144264.000000 8.357410e-19
145937.000000 8.292200e-19
147628.000000 8.227750e-19
149339.000000 8.164050e-19
151070.000000 8.101100e-19
152821.000000 8.038890e-19
154593.000000 7.977400e-19
156385.000000 7.916640e-19
158197.000000 7.856590e-19
160031.000000 7.797250e-19
161886.000000 7.738600e-19
163762.000000 7.680640e-19
165661.000000 7.623370e-19
167581.000000 7.566770e-19
169523.000000 7.510840e-19
171488.000000 7.455570e-19
173476.000000 7.400950e-19
175487.000000 7.346970e-19
177521.000000 7.293640e-19
179578.000000 7.240930e-19
181660.000000 7.188850e-19
183766.000000 7.137390e-19
185896.000000 7.086530e-19
188050.000000 7.036280e-19
190230.000000 6.986630e-19
192435.000000 6.937560e-19
194666.000000 6.889080e-19
196922.000000 6.841170e-19
199205.000000 6.793840e-19
201514.000000 6.747070e-19
203849.000000 6.700850e-19
206212.000000 6.655190e-19
208602.000000 6.610080e-19
211020.000000 6.565500e-19
213466.000000 6.521460e-19
215941.000000 6.477950e-19
218444.000000 6.434950e-19
220976.000000 6.392480e-19
223537.000000 6.350510e-19
226128.000000 6.309050e-19
228749.000000 6.268090e-19
231401.000000 6.227630e-19
234083.000000 6.187650e-19
236796.000000 6.148150e-19
239541.000000 6.109130e-19
242317.000000 6.070580e-19
245126.000000 6.032500e-19
247967.000000 5.994890e-19
250842.000000 5.957720e-19
253749.000000 5.921010e-19
256690.000000 5.884750e-19
259666.000000 5.848930e-19
262675.000000 5.813540e-19
265720.000000 5.778590e-19
268800.000000 5.744060e-19
271916.000000 5.709960e-19
275068.000000 5.676270e-19
278256.000000 5.643000e-19
281481.000000 5.610140e-19
284744.000000 5.577680e-19
288044.000000 5.545620e-19
291383.000000 5.513950e-19
294761.000000 5.482680e-19
298177.000000 5.451790e-19
301633.000000 5.421290e-19
305130.000000 5.391160e-19
308666.000000 5.361400e-19
312244.000000 5.332020e-19
315864.000000 5.303000e-19
319525.000000 5.274340e-19
323228.000000 5.246040e-19
326975.000000 5.218090e-19
330765.000000 5.190500e-19
334599.000000 5.163250e-19
338477.000000 5.136340e-19
342401.000000 5.109770e-19
346369.000000 5.083530e-19
350384.000000 5.057620e-19
354446.000000 5.032040e-19
358554.000000 5.006790e-19
362710.000000 4.981850e-19
366914.000000 4.957230e-19
371167.000000 4.932920e-19
375469.000000 4.908930e-19
379822.000000 4.885230e-19
384224.000000 4.861840e-19
388678.000000 4.838750e-19
393183.000000 4.815960e-19
397740.000000 4.793460e-19
402351.000000 4.771240e-19
407014.000000 4.749320e-19
411732.000000 4.727670e-19
416504.000000 4.706310e-19
421332.000000 4.685220e-19
426216.000000 4.664410e-19
431156.000000 4.643860e-19
436154.000000 4.623580e-19
441209.000000 4.603570e-19
446323.000000 4.583820e-19
451497.000000 4.564330e-19
456730.000000 4.545090e-19
462024.000000 4.526110e-19
467380.000000 4.507380e-19
472797.000000 4.488890e-19
478277.000000 4.470650e-19
483821.000000 4.452640e-19
489429.000000 4.434880e-19
495102.000000 4.417350e-19
500841.000000 4.400060e-19
506646.000000 4.383000e-19
512519.000000 4.366160e-19
518459.000000 4.349550e-19
524469.000000 4.333160e-19
530548.000000 4.317000e-19
536698.000000 4.301050e-19
542919.000000 4.285310e-19
549212.000000 4.269790e-19
555578.000000 4.254470e-19
562017.000000 4.239360e-19
568532.000000 4.224460e-19
575122.000000 4.209760e-19
581788.000000 4.195260e-19
588532.000000 4.180950e-19
595353.000000 4.166840e-19
602254.000000 4.152920e-19
609235.000000 4.139190e-19
616297.000000 4.125650e-19
623440.000000 4.112300e-19
630667.000000 4.099120e-19
637977.000000 4.086130e-19
645372.000000 4.073310e-19
652852.000000 4.060670e-19
660419.000000 4.048210e-19
668074.000000 4.035910e-19
675818.000000 4.023790e-19
683652.000000 4.011830e-19
691576.000000 4.000040e-19
699592.000000 3.988410e-19
707701.000000 3.976940e-19
715904.000000 3.965620e-19
724202.000000 3.954470e-19
732597.000000 3.943470e-19
741088.000000 3.932620e-19
749678.000000 3.921930e-19
758368.000000 3.911380e-19
767158.000000 3.900990e-19
776050.000000 3.890730e-19
785046.000000 3.880630e-19
794145.000000 3.870660e-19
803350.000000 3.860840e-19
812662.000000 3.851150e-19
822082.000000 3.841610e-19
831610.000000 3.832200e-19
841250.000000 3.822920e-19
851001.000000 3.813780e-19
860865.000000 3.804770e-19
870843.000000 3.795900e-19
880937.000000 3.787150e-19
891148.000000 3.778530e-19
901478.000000 3.770040e-19
911927.000000 3.761670e-19
922497.000000 3.753430e-19
933190.000000 3.745310e-19
944006.000000 3.737310e-19
954949.000000 3.729430e-19
966017.000000 3.721670e-19
977215.000000 3.714030e-19
988542.000000 3.706510e-19
1000000.000000 3.699110e-19
1011590.000000 3.693630e-19
1023320.000000 3.686440e-19
1035180.000000 3.679360e-19
1047180.000000 3.672400e-19
1059310.000000 3.665540e-19
1071590.000000 3.658790e-19
1084010.000000 3.652150e-19
1096580.000000 3.645610e-19
1109290.000000 3.639170e-19
1122150.000000 3.632840e-19
1135150.000000 3.626600e-19
1148310.000000 3.620460e-19
1161620.000000 3.614420e-19
1175090.000000 3.608470e-19
1188710.000000 3.602620e-19
1202490.000000 3.596860e-19
1216420.000000 3.591190e-19
1230520.000000 3.585610e-19
1244790.000000 3.580120e-19
1259220.000000 3.574710e-19
1273810.000000 3.569390e-19
1288580.000000 3.564160e-19
1303510.000000 3.559030e-19
1318620.000000 3.553930e-19
1333910.000000 3.548940e-19
1349370.000000 3.544030e-19
1365010.000000 3.539200e-19
1380830.000000 3.534440e-19
1396840.000000 3.529760e-19
1413030.000000 3.525160e-19
1429400.000000 3.520630e-19
1445970.000000 3.516170e-19
1462730.000000 3.511790e-19
1479690.000000 3.507480e-19
1496840.000000 3.503230e-19
1514190.000000 3.499070e-19
1531740.000000 3.494970e-19
1549500.000000 3.490930e-19
1567460.000000 3.486970e-19
1585620.000000 3.483070e-19
1604000.000000 3.479240e-19
1622600.000000 3.475470e-19
1641400.000000 3.471760e-19
1660430.000000 3.468130e-19
1679670.000000 3.464550e-19
1699140.000000 3.461040e-19
1718840.000000 3.457600e-19
1738760.000000 3.454210e-19
1758920.000000 3.450890e-19
1779300.000000 3.447630e-19
1799930.000000 3.444430e-19
1820790.000000 3.441290e-19
1841900.000000 3.438210e-19
1863250.000000 3.435190e-19
1884840.000000 3.432230e-19
1906690.000000 3.429320e-19
1928790.000000 3.426470e-19
1951150.000000 3.423670e-19
1973760.000000 3.420930e-19
1996640.000000 3.418240e-19
2019790.000000 3.415600e-19
2043200.000000 3.413000e-19
2066880.000000 3.410450e-19
2090840.000000 3.407950e-19
2115070.000000 3.405500e-19
2139590.000000 3.403080e-19
2164390.000000 3.400710e-19
2189480.000000 3.398390e-19
2214860.000000 3.396100e-19
2240530.000000 3.393860e-19
2266500.000000 3.391650e-19
2292770.000000 3.389490e-19
2319350.000000 3.387370e-19
2346230.000000 3.385300e-19
2373420.000000 3.383260e-19
2400930.000000 3.381270e-19
2428760.000000 3.379320e-19
2456920.000000 3.377410e-19
2485390.000000 3.375550e-19
2514200.000000 3.373720e-19
2543350.000000 3.371930e-19
2572830.000000 3.370180e-19
2602650.000000 3.368470e-19
2632820.000000 3.366790e-19
2663330.000000 3.365150e-19
2694200.000000 3.363530e-19
2725430.000000 3.361950e-19
2757020.000000 3.360400e-19
2788980.000000 3.358880e-19
2821310.000000 3.357380e-19
2854010.000000 3.355920e-19
2887090.000000 3.354470e-19
2920560.000000 3.353050e-19
2954410.000000 3.351660e-19
2988650.000000 3.350290e-19
3023290.000000 3.348940e-19
3058340.000000 3.347610e-19
3093790.000000 3.346310e-19
3129650.000000 3.345030e-19
3165920.000000 3.343780e-19
3202620.000000 3.342550e-19
3239740.000000 3.341340e-19
3277290.000000 3.340160e-19
3315280.000000 3.339000e-19
3353710.000000 3.337870e-19
3392580.000000 3.336750e-19
3431910.000000 3.335650e-19
3471690.000000 3.334570e-19
3511930.000000 3.333500e-19
3552630.000000 3.332440e-19
3593810.000000 3.331400e-19
3635470.000000 3.330360e-19
3677610.000000 3.329330e-19
3720240.000000 3.328320e-19
3763360.000000 3.327320e-19
3806980.000000 3.326330e-19
3851110.000000 3.325350e-19
3895750.000000 3.324390e-19
3940900.000000 3.323450e-19
3986580.000000 3.322510e-19
4032790.000000 3.321590e-19
4079530.000000 3.320690e-19
4126820.000000 3.319790e-19
4174660.000000 3.318920e-19
4223040.000000 3.318060e-19
4271990.000000 3.317200e-19
4321510.000000 3.316330e-19
4371600.000000 3.315490e-19
4422270.000000 3.314650e-19
4473530.000000 3.313810e-19
4525390.000000 3.312990e-19
4577840.000000 3.312170e-19
4630900.000000 3.311370e-19
4684580.000000 3.310580e-19
4738880.000000 3.309810e-19
4793810.000000 3.309050e-19
4849370.000000 3.308300e-19
4905580.000000 3.307580e-19
4962440.000000 3.306860e-19
5019970.000000 3.306140e-19
5078150.000000 3.305430e-19
5137010.000000 3.304730e-19
5196560.000000 3.304030e-19
5256790.000000 3.303340e-19
5317720.000000 3.302670e-19
5379360.000000 3.302010e-19
5441710.000000 3.301370e-19
5504790.000000 3.300740e-19
5568600.000000 3.300140e-19
5633140.000000 3.299550e-19
5698440.000000 3.298970e-19
5764490.000000 3.298390e-19
5831310.000000 3.297820e-19
5898900.000000 3.297260e-19
5967270.000000 3.296700e-19
6036440.000000 3.296150e-19
6106410.000000 3.295620e-19
6177190.000000 3.295120e-19
6248790.000000 3.294640e-19
6321220.000000 3.294180e-19
6394490.000000 3.293740e-19
6468610.000000 3.293300e-19
6543590.000000 3.292860e-19
6619430.000000 3.292420e-19
6696160.000000 3.291990e-19
6773780.000000 3.291570e-19
6852290.000000 3.291210e-19
6931720.000000 3.290890e-19
7012060.000000 3.290590e-19
7093340.000000 3.290270e-19
7175560.000000 3.289940e-19
7258730.000000 3.289630e-19
7342870.000000 3.289350e-19
7427980.000000 3.289110e-19
7514080.000000 3.288890e-19
7601180.000000 3.288700e-19
7689280.000000 3.288510e-19
7778410.000000 3.288340e-19
7868570.000000 3.288180e-19
7959780.000000 3.288050e-19
8052040.000000 3.287930e-19
8145370.000000 3.287840e-19
8239790.000000 3.287770e-19
8335290.000000 3.287720e-19
8431910.000000 3.287670e-19
8529640.000000 3.287650e-19
8628510.000000 3.287630e-19
8728530.000000 3.287620e-19
8829700.000000 3.287620e-19
8932050.000000 3.287640e-19
9035580.000000 3.287660e-19
9140310.000000 3.287680e-19
9246260.000000 3.287700e-19
9353430.000000 3.287710e-19
9461850.000000 3.287720e-19
9571520.000000 3.287730e-19
9682470.000000 3.287720e-19
9794700.000000 3.287700e-19
9908230.000000 3.287670e-19
10000000.000000 3.287630e-19