8.000000000E+00 0.000000000E+00 0.000000000E+00 0.000000000E+00 0.000000000E+00 0.000000000E+00
9.000000000E+00 0.000000000E+00 0.000000000E+00 0.000000000E+00 0.000000000E+00 0.000000000E+00
1.000000000E+01 0.000000000E+00 0.000000000E+00 0.000000000E+00 0.000000000E+00 0.000000000E+00
1.100000000E+01 6.132911016E+00 0.000000000E+00 0.000000000E+00 0.000000000E+00 0.000000000E+00
1.200000000E+01 1.171738491E+01 0.000000000E+00 0.000000000E+00 0.000000000E+00 0.000000000E+00
1.300000000E+01 1.846527784E+01 0.000000000E+00 0.000000000E+00 0.000000000E+00 0.000000000E+00
1.400000000E+01 2.471388203E+01 3.130854585E+00 0.000000000E+00 0.000000000E+00 0.000000000E+00
1.500000000E+01 3.235878388E+01 5.996224276E+00 0.000000000E+00 0.000000000E+00 0.000000000E+00
1.600000000E+01 3.948600477E+01 9.487756445E+00 0.000000000E+00 0.000000000E+00 0.000000000E+00
1.700000000E+01 4.505268157E+01 1.275195159E+01 0.000000000E+00 0.000000000E+00 0.000000000E+00
1.800000000E+01 5.020061740E+01 1.676920651E+01 1.680859339E+00 0.000000000E+00 0.000000000E+00
1.900000000E+01 5.645978804E+01 2.053508075E+01 3.183827734E+00 0.000000000E+00 0.000000000E+00
2.000000000E+01 6.214139469E+01 2.517118810E+01 4.972722793E+00 0.000000000E+00 0.000000000E+00
2.200000000E+01 7.488588046E+01 3.409664001E+01 8.569146262E+00 0.000000000E+00 0.000000000E+00
2.400000000E+01 8.786691780E+01 4.339260395E+01 1.252109064E+01 0.000000000E+00 0.000000000E+00
2.600000000E+01 9.883073245E+01 5.336895813E+01 1.683609102E+01 0.000000000E+00 0.000000000E+00
2.800000000E+01 1.091941930E+02 6.367054372E+01 2.148380652E+01 0.000000000E+00 0.000000000E+00
3.000000000E+01 1.188274429E+02 7.392154336E+01 2.640432308E+01 0.000000000E+00 0.000000000E+00
3.200000000E+01 1.276806467E+02 8.380972026E+01 3.152093592E+01 0.000000000E+00 0.000000000E+00
3.400000000E+01 1.357448826E+02 9.312894626E+01 3.675260437E+01 5.267100788E+00 0.000000000E+00
3.600000000E+01 1.430392646E+02 1.017761187E+02 4.202318072E+01 1.036925893E+01 0.000000000E+00
3.800000000E+01 1.496052384E+02 1.097243067E+02 4.726690460E+01 1.536266044E+01 0.000000000E+00
4.000000000E+01 1.554992617E+02 1.169933419E+02 5.243074917E+01 2.025128082E+01 0.000000000E+00
4.200000000E+01 1.607847669E+02 1.236273893E+02 5.747449194E+01 2.502941526E+01 0.000000000E+00
4.400000000E+01 1.655257994E+02 1.296805901E+02 6.236937705E+01 2.968824103E+01 0.000000000E+00
4.600000000E+01 1.697830617E+02 1.352088092E+02 6.709610447E+01 3.421815064E+01 0.000000000E+00
4.800000000E+01 1.736119185E+02 1.402652880E+02 7.063713991E+01 3.860987813E+01 0.000000000E+00
5.000000000E+01 1.770616635E+02 1.448986037E+02 7.308887868E+01 4.285513280E+01 0.000000000E+00
5.500000000E+01 1.835738564E+02 1.509798267E+02 7.829338025E+01 5.276371495E+01 0.000000000E+00
6.000000000E+01 1.855540707E+02 1.546281905E+02 8.246427697E+01 6.166902482E+01 0.000000000E+00
6.500000000E+01 1.864953249E+02 1.570864566E+02 8.574261042E+01 6.954951416E+01 0.000000000E+00
7.000000000E+01 1.866732093E+02 1.586516859E+02 8.829641703E+01 7.769500307E+01 0.000000000E+00
7.500000000E+01 1.862837524E+02 1.595369514E+02 9.026278087E+01 8.233074072E+01 0.000000000E+00
8.000000000E+01 1.854689336E+02 1.598982817E+02 9.175197279E+01 8.857739126E+01 0.000000000E+00
8.500000000E+01 1.843336590E+02 1.598523677E+02 9.318476356E+01 9.196445380E+01 0.000000000E+00
9.000000000E+01 1.832700602E+02 1.594572136E+02 9.360910079E+01 9.660355885E+01 0.000000000E+00
9.500000000E+01 1.813732371E+02 1.591560335E+02 9.440658085E+01 9.902573534E+01 0.000000000E+00
1.000000000E+02 1.799424308E+02 1.580419678E+02 9.444901039E+01 1.024420463E+02 0.000000000E+00
1.100000000E+02 1.762377210E+02 1.560013589E+02 9.457655927E+01 1.066318674E+02 0.000000000E+00
1.200000000E+02 1.723545161E+02 1.535819856E+02 9.421879158E+01 1.095817210E+02 0.000000000E+00
1.400000000E+02 1.644997390E+02 1.481864881E+02 9.261165885E+01 1.128955649E+02 0.000000000E+00
1.600000000E+02 1.569043654E+02 1.425766596E+02 9.036675954E+01 1.139842788E+02 0.000000000E+00
1.800000000E+02 1.497623450E+02 1.370693376E+02 8.784962740E+01 1.138904305E+02 0.000000000E+00
2.000000000E+02 1.430917437E+02 1.318419861E+02 8.528423427E+01 1.128090497E+02 0.000000000E+00
2.500000000E+02 1.287028974E+02 1.199268726E+02 7.891232537E+01 1.082864139E+02 0.000000000E+00
3.000000000E+02 1.168295237E+02 1.099320963E+02 7.324308173E+01 1.031515446E+02 0.000000000E+00
3.500000000E+02 1.070412239E+02 1.014286712E+02 6.821829335E+01 9.783825254E+01 0.000000000E+00
4.000000000E+02 9.882081286E+01 9.421757908E+01 6.383751751E+01 9.291683229E+01 0.000000000E+00
4.500000000E+02 9.181076749E+01 8.799053646E+01 6.000084446E+01 8.829735725E+01 0.000000000E+00
5.000000000E+02 8.577846084E+01 8.257987328E+01 5.661766613E+01 8.406216546E+01 0.000000000E+00
5.390000000E+02 8.160527010E+01 7.883139898E+01 5.424925604E+01 8.102011357E+01 0.000000000E+00
5.400000000E+02 8.152609987E+01 7.873753852E+01 5.418907238E+01 8.093750606E+01 0.000000000E+00
6.000000000E+02 7.592668593E+01 7.364312222E+01 5.093749758E+01 7.665264493E+01 9.824634419E-02
7.000000000E+02 6.821501659E+01 6.656273336E+01 4.636146859E+01 7.044287440E+01 3.006617761E-01
8.000000000E+02 6.200700176E+01 6.080903101E+01 4.259624087E+01 6.519043176E+01 4.629581855E-01
9.000000000E+02 5.689607286E+01 5.603580493E+01 3.944185850E+01 6.069953054E+01 5.788564426E-01
1.000000000E+03 5.260854515E+01 5.200570249E+01 3.675672140E+01 5.681264232E+01 6.581393581E-01
1.500000000E+03 3.866951277E+01 3.873628881E+01 2.777870675E+01 4.348569490E+01 7.862650595E-01
2.000000000E+03 3.078170322E+01 3.110407162E+01 2.251582059E+01 3.544285181E+01 7.558388345E-01
2.500000000E+03 2.569619970E+01 2.613034873E+01 1.904370606E+01 3.006154680E+01 7.010924773E-01
3.000000000E+03 2.212993614E+01 2.261514720E+01 1.656825629E+01 2.619385969E+01 6.468464080E-01
3.500000000E+03 1.948225163E+01 1.998942890E+01 1.470668121E+01 2.327040762E+01 5.983081373E-01
4.000000000E+03 1.743406770E+01 1.794814180E+01 1.325154879E+01 2.097739844E+01 5.559830030E-01
4.500000000E+03 1.579966991E+01 1.631246055E+01 1.208024468E+01 1.912723171E+01 5.192278234E-01
5.000000000E+03 1.446337858E+01 1.497034362E+01 1.111542842E+01 1.760061530E+01 4.872044202E-01
6.000000000E+03 1.240532082E+01 1.289425725E+01 9.615900830E+00 1.522394781E+01 4.343773945E-01
7.000000000E+03 1.089072479E+01 1.135876753E+01 8.500880637E+00 1.345417766E+01 3.927308921E-01
8.000000000E+03 9.726906905E+00 1.017407809E+01 7.636839106E+00 1.208168561E+01 3.590865351E-01
9.000000000E+03 8.803156537E+00 9.230530914E+00 6.946151488E+00 1.098410790E+01 3.313318137E-01
1.000000000E+04 8.051220999E+00 8.460212781E+00 6.380503354E+00 1.008511695E+01 3.080198965E-01
2.000000000E+04 4.513474465E+00 4.794396028E+00 3.663889488E+00 5.718317913E+00 1.989752639E-01
3.000000000E+04 3.225783970E+00 3.449283242E+00 2.653697603E+00 4.130811160E+00 1.487169397E-01
4.000000000E+04 2.555487147E+00 2.744284057E+00 2.120450875E+00 3.294580801E+00 1.212770418E-01
5.000000000E+04 2.142370535E+00 2.307782704E+00 1.788726059E+00 2.775301075E+00 1.038486472E-01
6.000000000E+04 1.861461883E+00 2.009968677E+00 1.561609755E+00 2.420219776E+00 9.174754928E-02
7.000000000E+04 1.657743822E+00 1.793420725E+00 1.396021930E+00 2.161621512E+00 8.283313679E-02
8.000000000E+04 1.503108760E+00 1.628695607E+00 1.269787817E+00 1.964683226E+00 7.598384953E-02
9.000000000E+04 1.381642211E+00 1.499073699E+00 1.170274092E+00 1.809535932E+00 7.055138032E-02
1.000000000E+05 1.283681156E+00 1.394377908E+00 1.089773729E+00 1.684117336E+00 6.613586731E-02
1.100000000E+05 1.210230159E+00 1.317025663E+00 1.030364959E+00 1.594076042E+00 6.247566886E-02
1.200000000E+05 1.143078740E+00 1.245191784E+00 9.750156295E-01 1.508005511E+00 5.939237580E-02
1.300000000E+05 1.086080146E+00 1.184172575E+00 9.279528527E-01 1.434884662E+00 5.676000739E-02
1.400000000E+05 1.037112950E+00 1.131718293E+00 8.874607593E-01 1.372025134E+00 5.448698651E-02
1.500000000E+05 9.946097708E-01 1.086164641E+00 8.522683217E-01 1.317436923E+00 5.250509541E-02
1.600000000E+05 9.573870726E-01 1.046253448E+00 8.214135301E-01 1.269614807E+00 5.076244025E-02
1.700000000E+05 9.245341701E-01 1.011015588E+00 7.941545764E-01 1.227398779E+00 4.921889414E-02
1.800000000E+05 8.953414829E-01 9.796951480E-01 7.699125128E-01 1.189889294E+00 4.784267710E-02
1.900000000E+05 8.692379337E-01 9.516834291E-01 7.482200573E-01 1.156345404E+00 4.660862352E-02
2.000000000E+05 8.457720441E-01 9.264986188E-01 7.287076450E-01 1.126195790E+00 4.549633519E-02
3.000000000E+05 6.989223214E-01 7.689213843E-01 6.064185426E-01 9.379651993E-01 3.847180055E-02
4.000000000E+05 6.286078032E-01 6.936899838E-01 5.479108192E-01 8.487366937E-01 3.507195253E-02
5.000000000E+05 5.890110300E-01 6.515791294E-01 5.151326066E-01 7.993312779E-01 3.315168522E-02
6.000000000E+05 5.646318829E-01 6.258856049E-01 4.951305105E-01 7.696455051E-01 3.197159328E-02
7.000000000E+05 5.487919643E-01 6.094001779E-01 4.823021829E-01 7.509958524E-01 3.120938754E-02
8.000000000E+05 5.381581142E-01 5.985212276E-01 4.738448957E-01 7.390469161E-01 3.070287050E-02
9.000000000E+05 5.308902148E-01 5.912596355E-01 4.682091373E-01 7.314047973E-01 3.036200094E-02
1.000000000E+06 5.193762776E-01 5.782150089E-01 4.579717668E-01 7.147001699E-01 3.013310666E-02
1.200000000E+06 5.118343620E-01 5.708124740E-01 4.522302180E-01 7.071741135E-01 2.984943880E-02
1.400000000E+06 5.078634091E-01 5.672180242E-01 4.494614337E-01 7.041215609E-01 2.973962655E-02
1.600000000E+06 5.059239652E-01 5.657694804E-01 4.483672724E-01 7.035513016E-01 2.972719411E-02
1.800000000E+06 5.052023855E-01 5.655912521E-01 4.482637451E-01 7.044201552E-01 2.977178872E-02
2.000000000E+06 5.052374795E-01 5.661892089E-01 4.487648477E-01 7.061437459E-01 2.985062812E-02
2.200000000E+06 5.057536450E-01 5.672696941E-01 4.496412173E-01 7.083778681E-01 2.995018893E-02
2.400000000E+06 5.065793225E-01 5.686511520E-01 4.507510911E-01 7.109119855E-01 3.006213452E-02
2.600000000E+06 5.076042759E-01 5.702178902E-01 4.520041766E-01 7.136137418E-01 3.018117714E-02
2.800000000E+06 5.087558730E-01 5.718944494E-01 4.533416193E-01 7.163982476E-01 3.030389174E-02
3.000000000E+06 5.099853141E-01 5.736307525E-01 4.547243953E-01 7.192103417E-01 3.042802747E-02
3.200000000E+06 5.112593177E-01 5.753931640E-01 4.561263221E-01 7.220139585E-01 3.055209303E-02
3.400000000E+06 5.125549449E-01 5.771589374E-01 4.575297185E-01 7.247855513E-01 3.067509882E-02
3.600000000E+06 5.138562822E-01 5.789126694E-01 4.589226352E-01 7.275099178E-01 3.079639243E-02
3.800000000E+06 5.151522660E-01 5.806439848E-01 4.602970437E-01 7.301774895E-01 3.091555116E-02
4.000000000E+06 5.164352285E-01 5.823459938E-01 4.616476326E-01 7.327825371E-01 3.103231047E-02
4.200000000E+06 5.176999036E-01 5.840142432E-01 4.629709881E-01 7.353219628E-01 3.114651555E-02
4.400000000E+06 5.189427427E-01 5.856459986E-01 4.642650331E-01 7.377944781E-01 3.125808800E-02
4.600000000E+06 5.201614299E-01 5.872397397E-01 4.655286347E-01 7.402000349E-01 3.136700274E-02
4.800000000E+06 5.213545410E-01 5.887948072E-01 4.667613271E-01 7.425394293E-01 3.147327171E-02
5.000000000E+06 5.225212984E-01 5.903111502E-01 4.679631159E-01 7.448140241E-01 3.157693237E-02
5.200000000E+06 5.236613926E-01 5.917891453E-01 4.691343369E-01 7.470255523E-01 3.167803949E-02
5.400000000E+06 5.247748512E-01 5.932294654E-01 4.702755536E-01 7.491759779E-01 3.177665923E-02
5.600000000E+06 5.258619457E-01 5.946329861E-01 4.713874849E-01 7.512673979E-01 3.187286495E-02
5.800000000E+06 5.269231190E-01 5.960007147E-01 4.724709498E-01 7.533019717E-01 3.196673412E-02
6.000000000E+06 5.279589341E-01 5.973337420E-01 4.735268297E-01 7.552818730E-01 3.205834618E-02
6.200000000E+06 5.289700352E-01 5.986332037E-01 4.745560389E-01 7.572092535E-01 3.214778093E-02
6.400000000E+06 5.299571187E-01 5.999002554E-01 4.755595049E-01 7.590862218E-01 3.223511746E-02
6.600000000E+06 5.309209127E-01 6.011360524E-01 4.765381535E-01 7.609148257E-01 3.232043333E-02
6.800000000E+06 5.318621581E-01 6.023417357E-01 4.774928973E-01 7.626970426E-01 3.240380410E-02
7.000000000E+06 5.327816005E-01 6.035184229E-01 4.784246292E-01 7.644347739E-01 3.248530291E-02
7.200000000E+06 5.336799789E-01 6.046672018E-01 4.793342172E-01 7.661298407E-01 3.256500033E-02
7.400000000E+06 5.345580199E-01 6.057891247E-01 4.802225007E-01 7.677839840E-01 3.264296419E-02
7.600000000E+06 5.354164347E-01 6.068852072E-01 4.810902886E-01 7.693988642E-01 3.271925954E-02
7.800000000E+06 5.362559151E-01 6.079564263E-01 4.819383588E-01 7.709760631E-01 3.279394868E-02
8.000000000E+06 5.370771305E-01 6.090037184E-01 4.827674566E-01 7.725170864E-01 3.286709116E-02
8.200000000E+06 5.378807270E-01 6.100279806E-01 4.835782960E-01 7.740233653E-01 3.293874388E-02
8.400000000E+06 5.386673281E-01 6.110300719E-01 4.843715599E-01 7.754962611E-01 3.300896113E-02
8.600000000E+06 5.394375328E-01 6.120108122E-01 4.851479004E-01 7.769370668E-01 3.307779473E-02
8.800000000E+06 5.401919173E-01 6.129709861E-01 4.859079405E-01 7.783470117E-01 3.314529408E-02
9.000000000E+06 5.409310333E-01 6.139113409E-01 4.866522740E-01 7.797272636E-01 3.321150631E-02
9.200000000E+06 5.416554099E-01 6.148325908E-01 4.873814686E-01 7.810789327E-01 3.327647636E-02
9.400000000E+06 5.423655545E-01 6.157354169E-01 4.880960644E-01 7.824030736E-01 3.334024710E-02
9.600000000E+06 5.430619525E-01 6.166204692E-01 4.887965781E-01 7.837006899E-01 3.340285939E-02
9.800000000E+06 5.437450684E-01 6.174883676E-01 4.894835014E-01 7.849727357E-01 3.346435225E-02
1.000000000E+07 5.444153472E-01 6.183397039E-01 4.901573041E-01 7.862201193E-01 3.352476289E-02
