8.000000000E+00 0.000000000E+00 0.000000000E+00 0.000000000E+00 0.000000000E+00 0.000000000E+00
9.000000000E+00 0.000000000E+00 0.000000000E+00 0.000000000E+00 0.000000000E+00 0.000000000E+00
1.000000000E+01 0.000000000E+00 0.000000000E+00 0.000000000E+00 0.000000000E+00 0.000000000E+00
1.100000000E+01 6.213004601E+00 0.000000000E+00 0.000000000E+00 0.000000000E+00 0.000000000E+00
1.200000000E+01 1.183476390E+01 0.000000000E+00 0.000000000E+00 0.000000000E+00 0.000000000E+00
1.300000000E+01 1.855824237E+01 0.000000000E+00 0.000000000E+00 0.000000000E+00 0.000000000E+00
1.400000000E+01 2.471234904E+01 4.910095229E+00 0.000000000E+00 0.000000000E+00 0.000000000E+00
1.500000000E+01 3.216854712E+01 9.353624189E+00 0.000000000E+00 0.000000000E+00 0.000000000E+00
1.600000000E+01 3.907116714E+01 1.471565695E+01 0.000000000E+00 0.000000000E+00 0.000000000E+00
1.700000000E+01 4.253829317E+01 1.968046566E+01 0.000000000E+00 0.000000000E+00 0.000000000E+00
1.800000000E+01 4.579502084E+01 2.572455537E+01 1.499720319E+00 0.000000000E+00 0.000000000E+00
1.900000000E+01 4.987479877E+01 3.131784939E+01 2.850530301E+00 0.000000000E+00 0.000000000E+00
2.000000000E+01 5.367528580E+01 3.811394971E+01 4.474691166E+00 0.000000000E+00 0.000000000E+00
2.200000000E+01 6.256660966E+01 5.109183815E+01 7.801831386E+00 0.000000000E+00 0.000000000E+00
2.400000000E+01 7.203240139E+01 6.450862386E+01 1.155603553E+01 0.000000000E+00 0.000000000E+00
2.600000000E+01 8.048880059E+01 7.877166477E+01 1.576285029E+01 0.000000000E+00 0.000000000E+00
2.800000000E+01 8.869685576E+01 9.344728073E+01 2.040086309E+01 0.000000000E+00 0.000000000E+00
3.000000000E+01 9.647004025E+01 1.080659826E+02 2.540921736E+01 0.000000000E+00 0.000000000E+00
3.200000000E+01 1.037026997E+02 1.222277384E+02 3.070138251E+01 0.000000000E+00 0.000000000E+00
3.400000000E+01 1.103421692E+02 1.356577352E+02 3.617985587E+01 5.257362641E+00 0.000000000E+00
3.600000000E+01 1.163757413E+02 1.482070199E+02 4.174821566E+01 1.064730681E+01 0.000000000E+00
3.800000000E+01 1.218208849E+02 1.598228738E+02 4.731935844E+01 1.584330765E+01 0.000000000E+00
4.000000000E+01 1.267144656E+02 1.705141942E+02 5.282003439E+01 2.085049628E+01 0.000000000E+00
4.200000000E+01 1.311028732E+02 1.803240833E+02 5.819234233E+01 2.566568334E+01 0.000000000E+00
4.400000000E+01 1.350349375E+02 1.893117142E+02 6.339308314E+01 3.028427311E+01 0.000000000E+00
4.600000000E+01 1.385577579E+02 1.975415060E+02 6.839188834E+01 3.470240037E+01 0.000000000E+00
4.800000000E+01 1.417146628E+02 2.050771197E+02 7.255400387E+01 3.891771383E+01 0.000000000E+00
5.000000000E+01 1.445444513E+02 2.119783871E+02 7.525198617E+01 4.292962121E+01 0.000000000E+00
5.500000000E+01 1.501087481E+02 2.218692644E+02 8.098357331E+01 5.192837322E+01 0.000000000E+00
6.000000000E+01 1.518168815E+02 2.276558305E+02 8.555852614E+01 5.988558316E+01 0.000000000E+00
6.500000000E+01 1.526400820E+02 2.316122726E+02 8.913835321E+01 6.673744549E+01 0.000000000E+00
7.000000000E+01 1.528099700E+02 2.341791850E+02 9.191264673E+01 7.344185401E+01 0.000000000E+00
7.500000000E+01 1.524935715E+02 2.356811285E+02 9.403806315E+01 7.729932167E+01 0.000000000E+00
8.000000000E+01 1.518133060E+02 2.363605100E+02 9.564086195E+01 8.248391693E+01 0.000000000E+00
8.500000000E+01 1.508603031E+02 2.364008262E+02 9.716094345E+01 8.520874116E+01 0.000000000E+00
9.000000000E+01 1.499571141E+02 2.358953460E+02 9.763445629E+01 8.897143955E+01 0.000000000E+00
9.500000000E+01 1.483739389E+02 2.355262048E+02 9.847348849E+01 9.086036607E+01 0.000000000E+00
1.000000000E+02 1.471644223E+02 2.339070428E+02 9.853863074E+01 9.357782728E+01 0.000000000E+00
1.100000000E+02 1.440632956E+02 2.309463053E+02 9.869022005E+01 9.679928961E+01 0.000000000E+00
1.200000000E+02 1.408214233E+02 2.273980764E+02 9.833307230E+01 9.899441883E+01 0.000000000E+00
1.400000000E+02 1.342859374E+02 2.194355994E+02 9.668905001E+01 1.012708967E+02 0.000000000E+00
1.600000000E+02 1.279878247E+02 2.111293686E+02 9.438138386E+01 1.017501613E+02 0.000000000E+00
1.800000000E+02 1.220803502E+02 2.029638840E+02 9.178961735E+01 1.012947282E+02 0.000000000E+00
2.000000000E+02 1.165744430E+02 1.952099434E+02 8.914399791E+01 1.000566640E+02 0.000000000E+00
2.500000000E+02 1.047211903E+02 1.775229724E+02 8.256957717E+01 9.558487083E+01 0.000000000E+00
3.000000000E+02 9.496634957E+01 1.626876998E+02 7.670714565E+01 9.075480044E+01 0.000000000E+00
3.500000000E+02 8.693710742E+01 1.500655769E+02 7.150589174E+01 8.587908924E+01 0.000000000E+00
4.000000000E+02 8.020311862E+01 1.393649676E+02 6.696511734E+01 8.140969403E+01 0.000000000E+00
4.500000000E+02 7.446738771E+01 1.301256931E+02 6.298380454E+01 7.724967058E+01 0.000000000E+00
5.000000000E+02 6.953614011E+01 1.220993578E+02 5.946975303E+01 7.345574612E+01 0.000000000E+00
5.390000000E+02 6.612763647E+01 1.165398567E+02 5.700771834E+01 7.074009383E+01 0.000000000E+00
5.400000000E+02 6.606243334E+01 1.164005634E+02 5.694524973E+01 7.066672170E+01 0.000000000E+00
6.000000000E+02 6.149148076E+01 1.088461839E+02 5.356263671E+01 6.685394083E+01 9.608766544E-02
7.000000000E+02 5.520217496E+01 9.834987308E+01 4.879694054E+01 6.134900153E+01 2.940556048E-01
8.000000000E+02 5.014431378E+01 8.982316354E+01 4.487085715E+01 5.670902924E+01 4.527860208E-01
9.000000000E+02 4.598384173E+01 8.275161704E+01 4.157822655E+01 5.275213489E+01 5.661377495E-01
1.000000000E+03 4.249626967E+01 7.678256628E+01 3.877289496E+01 4.933453966E+01 6.436786526E-01
1.500000000E+03 3.117529587E+01 5.714171046E+01 2.937347883E+01 3.765944237E+01 7.689891630E-01
2.000000000E+03 2.478246460E+01 4.585487002E+01 2.384833202E+01 3.064318862E+01 7.392314662E-01
2.500000000E+03 2.066693174E+01 3.850424014E+01 2.019622024E+01 2.596044674E+01 6.856880016E-01
3.000000000E+03 1.778410895E+01 3.331183709E+01 1.758854359E+01 2.260054750E+01 6.326338324E-01
3.500000000E+03 1.564576356E+01 2.943495243E+01 1.562517881E+01 2.006412853E+01 5.851620496E-01
4.000000000E+03 1.399284028E+01 2.642205298E+01 1.408895299E+01 1.807666885E+01 5.437668875E-01
4.500000000E+03 1.267470202E+01 2.400855640E+01 1.285132617E+01 1.647434456E+01 5.078192965E-01
5.000000000E+03 1.159759279E+01 2.202875099E+01 1.183113123E+01 1.515312974E+01 4.764995148E-01
6.000000000E+03 9.939873916E+00 1.896726234E+01 1.024409082E+01 1.309791655E+01 4.248332099E-01
7.000000000E+03 8.720895725E+00 1.670383789E+01 9.062764186E+00 1.156890536E+01 3.841017687E-01
8.000000000E+03 7.784867674E+00 1.495808207E+01 8.146551213E+00 1.038398811E+01 3.511966490E-01
9.000000000E+03 7.042351158E+00 1.356805571E+01 7.413624184E+00 9.436982396E+00 3.240517572E-01
1.000000000E+04 6.438245915E+00 1.243350188E+01 6.813003040E+00 8.661714588E+00 3.012520518E-01
2.000000000E+04 3.594888215E+00 7.021619925E+00 3.904243950E+00 4.937395666E+00 1.809431353E-01
3.000000000E+04 2.565897434E+00 5.048669700E+00 2.831523414E+00 3.563492380E+00 1.353304597E-01
4.000000000E+04 2.030961386E+00 4.015233047E+00 2.264476940E+00 2.840491153E+00 1.104058607E-01
5.000000000E+04 1.701562504E+00 3.375641713E+00 1.911393466E+00 2.391812528E+00 9.456709398E-02
6.000000000E+04 1.477728156E+00 2.939395142E+00 1.669488508E+00 2.085151175E+00 8.356609395E-02
7.000000000E+04 1.315485608E+00 2.622264379E+00 1.493023866E+00 1.861896449E+00 7.546012173E-02
8.000000000E+04 1.192385411E+00 2.381074047E+00 1.358439017E+00 1.691923437E+00 6.923086966E-02
9.000000000E+04 1.095724059E+00 2.191311475E+00 1.252304697E+00 1.558051235E+00 6.428941798E-02
1.000000000E+05 1.017791676E+00 2.038060744E+00 1.166422549E+00 1.449852838E+00 6.027252977E-02
1.100000000E+05 9.590891496E-01 1.924851307E+00 1.103311518E+00 1.372006953E+00 5.694244564E-02
1.200000000E+05 9.056689049E-01 1.819724083E+00 1.044260197E+00 1.297762427E+00 5.413701170E-02
1.300000000E+05 8.603311825E-01 1.730432047E+00 9.940430161E-01 1.234694495E+00 5.174170750E-02
1.400000000E+05 8.213856598E-01 1.653679702E+00 9.508323869E-01 1.180481509E+00 4.967327519E-02
1.500000000E+05 7.875837877E-01 1.587029410E+00 9.132741686E-01 1.133405214E+00 4.786968680E-02
1.600000000E+05 7.579829956E-01 1.528638574E+00 8.803432012E-01 1.092166137E+00 4.628375193E-02
1.700000000E+05 7.318581641E-01 1.477088034E+00 8.512488100E-01 1.055762979E+00 4.487898192E-02
1.800000000E+05 7.086443965E-01 1.431271119E+00 8.253736006E-01 1.023419352E+00 4.362646186E-02
1.900000000E+05 6.878871733E-01 1.390296275E+00 8.022197073E-01 9.944958568E-01 4.250330648E-02
2.000000000E+05 6.692271909E-01 1.353458302E+00 7.813928017E-01 9.684995064E-01 4.149096011E-02
3.000000000E+05 5.524222845E-01 1.123010388E+00 6.508943161E-01 8.061917268E-01 3.509762453E-02
4.000000000E+05 4.964263990E-01 1.013018502E+00 5.885270666E-01 7.292180736E-01 3.200391300E-02
5.000000000E+05 4.648280819E-01 9.514620710E-01 5.536537175E-01 6.865604140E-01 3.025733618E-02
6.000000000E+05 4.453166510E-01 9.139101094E-01 5.324325390E-01 6.608943300E-01 2.918471601E-02
7.000000000E+05 4.325896341E-01 8.898199373E-01 5.188751593E-01 6.447383295E-01 2.849258768E-02
8.000000000E+05 4.240009753E-01 8.739253829E-01 5.099852006E-01 6.343575921E-01 2.803324872E-02
9.000000000E+05 4.180898987E-01 8.633182966E-01 5.041060817E-01 6.276899401E-01 2.772470116E-02
1.000000000E+06 4.090856720E-01 8.442480385E-01 4.930200680E-01 6.133843226E-01 2.751806709E-02
1.200000000E+06 4.029200109E-01 8.334375807E-01 4.870661965E-01 6.067945946E-01 2.726061105E-02
1.400000000E+06 3.996024431E-01 8.281922142E-01 4.842768580E-01 6.040659743E-01 2.716162980E-02
1.600000000E+06 3.979100344E-01 8.260824835E-01 4.832650467E-01 6.034828549E-01 2.715138290E-02
1.800000000E+06 3.971957078E-01 8.258287141E-01 4.833006990E-01 6.041460234E-01 2.719307507E-02
2.000000000E+06 3.970921602E-01 8.267087918E-01 4.839723489E-01 6.055514390E-01 2.726593540E-02
2.200000000E+06 3.973795058E-01 8.282936026E-01 4.850359104E-01 6.074019770E-01 2.735763671E-02
2.400000000E+06 3.979205730E-01 8.303178621E-01 4.863408322E-01 6.095157156E-01 2.746058155E-02
2.600000000E+06 3.986269930E-01 8.326125376E-01 4.877914654E-01 6.117781424E-01 2.756995245E-02
2.800000000E+06 3.994403607E-01 8.350673898E-01 4.893256584E-01 6.141156951E-01 2.768263015E-02
3.000000000E+06 4.003212882E-01 8.376092687E-01 4.909023592E-01 6.164804747E-01 2.779656576E-02
3.200000000E+06 4.012427913E-01 8.401890481E-01 4.924941579E-01 6.188410800E-01 2.791040261E-02
3.400000000E+06 4.021861689E-01 8.427735114E-01 4.940826586E-01 6.211769355E-01 2.802324120E-02
3.600000000E+06 4.031383585E-01 8.453401703E-01 4.956555298E-01 6.234746899E-01 2.813448918E-02
3.800000000E+06 4.040902008E-01 8.478738811E-01 4.972045775E-01 6.257258755E-01 2.824376341E-02
4.000000000E+06 4.050352764E-01 8.503645921E-01 4.987244662E-01 6.279253581E-01 2.835082474E-02
4.200000000E+06 4.059691118E-01 8.528058101E-01 5.002118495E-01 6.300702936E-01 2.845553383E-02
4.400000000E+06 4.068886293E-01 8.551935518E-01 5.016647761E-01 6.321594157E-01 2.855782087E-02
4.600000000E+06 4.077917588E-01 8.575256071E-01 5.030822742E-01 6.341925433E-01 2.865766449E-02
4.800000000E+06 4.086771622E-01 8.598010228E-01 5.044640603E-01 6.361702377E-01 2.875507691E-02
5.000000000E+06 4.095440363E-01 8.620197335E-01 5.058103327E-01 6.380935607E-01 2.885009352E-02
5.200000000E+06 4.103919684E-01 8.641822978E-01 5.071216232E-01 6.399639046E-01 2.894276539E-02
5.400000000E+06 4.112208293E-01 8.662897064E-01 5.083986904E-01 6.417828699E-01 2.903315384E-02
5.600000000E+06 4.120306980E-01 8.683432454E-01 5.096424441E-01 6.435521807E-01 2.912132670E-02
5.800000000E+06 4.128218022E-01 8.703443932E-01 5.108538882E-01 6.452736221E-01 2.920735546E-02
6.000000000E+06 4.135944758E-01 8.722947489E-01 5.120340820E-01 6.469489986E-01 2.929131332E-02
6.200000000E+06 4.143491273E-01 8.741959775E-01 5.131841090E-01 6.485801014E-01 2.937327377E-02
6.400000000E+06 4.150862154E-01 8.760497719E-01 5.143050586E-01 6.501686899E-01 2.945330956E-02
6.600000000E+06 4.158062317E-01 8.778578252E-01 5.153980097E-01 6.517164759E-01 2.953149205E-02
6.800000000E+06 4.165096852E-01 8.796218080E-01 5.164640202E-01 6.532251147E-01 2.960789067E-02
7.000000000E+06 4.171970945E-01 8.813433573E-01 5.175041201E-01 6.546962000E-01 2.968257264E-02
7.200000000E+06 4.178689789E-01 8.830240661E-01 5.185193073E-01 6.561312597E-01 2.975560279E-02
7.400000000E+06 4.185258532E-01 8.846654750E-01 5.195105435E-01 6.575317560E-01 2.982704340E-02
7.600000000E+06 4.191682240E-01 8.862690710E-01 5.204787533E-01 6.588990840E-01 2.989695423E-02
7.800000000E+06 4.197965872E-01 8.878362843E-01 5.214248236E-01 6.602345741E-01 2.996539244E-02
8.000000000E+06 4.204114243E-01 8.893684858E-01 5.223496027E-01 6.615394931E-01 3.003241273E-02
8.200000000E+06 4.210132021E-01 8.908669887E-01 5.232539019E-01 6.628150457E-01 3.009806728E-02
8.400000000E+06 4.216023723E-01 8.923330503E-01 5.241384959E-01 6.640623785E-01 3.016240593E-02
8.600000000E+06 4.221793700E-01 8.937678708E-01 5.250041235E-01 6.652825810E-01 3.022547622E-02
8.800000000E+06 4.227446154E-01 8.951725985E-01 5.258514898E-01 6.664766891E-01 3.028732348E-02
9.000000000E+06 4.232985108E-01 8.965483270E-01 5.266812659E-01 6.676456875E-01 3.034799095E-02
9.200000000E+06 4.238414433E-01 8.978961018E-01 5.274940932E-01 6.687905124E-01 3.040751985E-02
9.400000000E+06 4.243737847E-01 8.992169195E-01 5.282905812E-01 6.699120536E-01 3.046594948E-02
9.600000000E+06 4.248958912E-01 9.005117315E-01 5.290713123E-01 6.710111579E-01 3.052331734E-02
9.800000000E+06 4.254081041E-01 9.017814450E-01 5.298368406E-01 6.720886304E-01 3.057965922E-02
1.000000000E+07 4.259107509E-01 9.030269260E-01 5.305876951E-01 6.731452379E-01 3.063500922E-02
