2.00000000e+02 3.90764290e-01
2.02340506e+02 4.02203086e-01
2.08760855e+02 4.33626027e-01
2.15384924e+02 4.66038772e-01
2.22219178e+02 4.99364248e-01
2.29270285e+02 5.33544278e-01
2.36545127e+02 5.68486046e-01
2.44050803e+02 6.04066019e-01
2.51794637e+02 6.40187001e-01
2.59784186e+02 6.76760129e-01
2.68027247e+02 7.13608436e-01
2.76531863e+02 7.50578464e-01
2.85306335e+02 7.87528538e-01
2.94359224e+02 8.24259775e-01
3.03699365e+02 8.60545656e-01
3.13335873e+02 8.96180109e-01
3.23278151e+02 9.30913966e-01
3.33535902e+02 9.64452423e-01
3.44119135e+02 9.96468933e-01
3.55038179e+02 1.02666976e+00
3.66303689e+02 1.05461740e+00
3.77926658e+02 1.07989578e+00
3.89918429e+02 1.10205847e+00
4.02290703e+02 1.12060188e+00
4.15055555e+02 1.13495208e+00
4.28225441e+02 1.14449800e+00
4.41813214e+02 1.14865270e+00
4.55832131e+02 1.14663927e+00
4.70295875e+02 1.13767284e+00
4.85218560e+02 1.12094547e+00
5.00614747e+02 1.09646043e+00
5.16499463e+02 1.07096539e+00
5.32888206e+02 1.04604546e+00
5.49796972e+02 1.02172803e+00
5.67242259e+02 9.97934394e-01
5.85241093e+02 9.74648605e-01
6.03811037e+02 9.51883994e-01
6.22970214e+02 9.29607522e-01
6.42737319e+02 9.07788732e-01
6.63131643e+02 8.86420401e-01
6.84173087e+02 8.65521515e-01
7.05882185e+02 8.45041945e-01
7.28280121e+02 8.24975415e-01
7.51388754e+02 8.05344278e-01
7.75230633e+02 7.86124479e-01
7.99829025e+02 7.67299163e-01
8.25207934e+02 7.48866246e-01
8.51392126e+02 7.30837114e-01
8.78407154e+02 7.13174967e-01
9.06279380e+02 6.95869609e-01
9.35036003e+02 6.78942028e-01
9.64705086e+02 6.62361029e-01
9.95315582e+02 6.46113326e-01
1.02689736e+03 6.30207476e-01
1.05948124e+03 6.14642271e-01
1.09309903e+03 5.99393970e-01
1.12778351e+03 5.84457689e-01
1.16356856e+03 5.69859042e-01
1.20048907e+03 5.55564783e-01
1.23858109e+03 5.41571460e-01
1.27788179e+03 5.27884820e-01
1.31842951e+03 5.14501081e-01
1.36026383e+03 5.01402237e-01
1.40342557e+03 4.88581204e-01
1.44795685e+03 4.76058027e-01
1.49390112e+03 4.63807128e-01
1.54130323e+03 4.51816050e-01
1.59020943e+03 4.40098622e-01
1.64066744e+03 4.28650211e-01
1.69272650e+03 4.17455083e-01
1.74643742e+03 4.06509553e-01
1.80185261e+03 3.95829766e-01
1.85902614e+03 3.85391990e-01
1.91801382e+03 3.75187351e-01
1.97887320e+03 3.65228287e-01
2.04166367e+03 3.55504783e-01
2.10644651e+03 3.46003908e-01
2.17328494e+03 3.36725504e-01
2.24224418e+03 3.27680349e-01
2.31339152e+03 3.18847708e-01
2.38679640e+03 3.10222582e-01
2.46253045e+03 3.01815679e-01
2.54066757e+03 2.93614803e-01
2.62128401e+03 2.85609220e-01
2.70445845e+03 2.77800769e-01
2.79027205e+03 2.70194676e-01
2.87880855e+03 2.62773784e-01
2.97015434e+03 2.55534245e-01
3.06439858e+03 2.48486284e-01
3.16163323e+03 2.41615841e-01
3.26195317e+03 2.34916120e-01
3.36545631e+03 2.28388969e-01
3.47224364e+03 2.22034721e-01
3.58241938e+03 2.15841553e-01
3.69609105e+03 2.09804898e-01
3.81336956e+03 2.03934009e-01
3.93436937e+03 1.98215036e-01
4.05920855e+03 1.92642807e-01
4.18800894e+03 1.87219525e-01
4.32089621e+03 1.81943631e-01
4.45800005e+03 1.76804888e-01
4.59945426e+03 1.71801229e-01
4.74539686e+03 1.66939036e-01
4.89597029e+03 1.62204768e-01
5.05132147e+03 1.57595815e-01
5.21160201e+03 1.53114413e-01
5.37696832e+03 1.48757344e-01
5.54758177e+03 1.44516220e-01
5.72360885e+03 1.40389674e-01
5.90522135e+03 1.36381629e-01
6.09259650e+03 1.32482166e-01
6.28591713e+03 1.28688094e-01
6.48537190e+03 1.25001957e-01
6.69115546e+03 1.21419091e-01
6.90346862e+03 1.17933794e-01
7.12251856e+03 1.14545410e-01
7.34851905e+03 1.11255480e-01
7.58169063e+03 1.08056212e-01
7.82226084e+03 1.04945660e-01
8.07046445e+03 1.01925248e-01
8.32654366e+03 9.89904150e-02
8.59074837e+03 9.61370851e-02
8.86333640e+03 9.33646470e-02
9.14457377e+03 9.06741886e-02
9.43473491e+03 8.80588333e-02
9.73410299e+03 8.55166169e-02
1.00429701e+04 8.30170152e-02
1.03616378e+04 8.06134873e-02
1.06904169e+04 7.82869872e-02
1.10296283e+04 7.60285942e-02
1.13796030e+04 7.38367035e-02
1.17406825e+04 7.17070407e-02
1.21132193e+04 6.96377801e-02
1.24975768e+04 6.76312099e-02
1.28941301e+04 6.56825586e-02
1.33032663e+04 6.37890395e-02
1.37253845e+04 6.19515670e-02
1.41608967e+04 6.01689728e-02
1.46102278e+04 5.84374246e-02
1.50738165e+04 5.67554267e-02
1.55521150e+04 5.51254711e-02
1.60455901e+04 5.35423579e-02
1.65547233e+04 5.20048199e-02
1.70800116e+04 5.05134051e-02
1.76219675e+04 4.90669031e-02
1.81811199e+04 4.76621484e-02
1.87580144e+04 4.62979407e-02
1.93532141e+04 4.49765374e-02
1.99672996e+04 4.36934488e-02
2.06008704e+04 4.24473781e-02
2.12545446e+04 4.12395661e-02
2.19289602e+04 4.00678101e-02
2.26247753e+04 3.89301477e-02
2.33426689e+04 3.78262669e-02
2.40833415e+04 3.67566168e-02
2.48475160e+04 3.57183192e-02
2.56359380e+04 3.47103510e-02
2.64493771e+04 3.37335410e-02
2.72886268e+04 3.27860416e-02
2.81545064e+04 3.18662529e-02
2.90478606e+04 3.09740139e-02
2.99695614e+04 3.01096842e-02
3.09205081e+04 2.92706659e-02
3.19016287e+04 2.84563031e-02
3.29138807e+04 2.76674573e-02
3.39582519e+04 2.69023481e-02
3.50357614e+04 2.61597015e-02
3.61474608e+04 2.54395794e-02
3.72944348e+04 2.47418772e-02
3.84778028e+04 2.40648411e-02
3.96987195e+04 2.34077345e-02
4.09583765e+04 2.27715320e-02
4.22580029e+04 2.21542971e-02
4.35988670e+04 2.15553857e-02
4.49822772e+04 2.09749155e-02
4.64095837e+04 2.04123604e-02
4.78821792e+04 1.98666431e-02
4.94015007e+04 1.93370309e-02
5.09690310e+04 1.88244926e-02
5.25862996e+04 1.83272321e-02
5.42548849e+04 1.78447582e-02
5.59764150e+04 1.73772489e-02
5.77525701e+04 1.69243342e-02
5.95850832e+04 1.64848377e-02
6.14757428e+04 1.60585626e-02
6.34263938e+04 1.56459782e-02
6.54389398e+04 1.52457277e-02
6.75153447e+04 1.48574982e-02
6.96576348e+04 1.44814813e-02
7.18679006e+04 1.41170127e-02
7.41482991e+04 1.37635200e-02
7.65010557e+04 1.34207411e-02
7.89284661e+04 1.30890466e-02
8.14328993e+04 1.27672668e-02
8.40167992e+04 1.24550958e-02
8.66826874e+04 1.21529628e-02
8.94331652e+04 1.18601518e-02
9.22709169e+04 1.15761099e-02
9.51987117e+04 1.13008230e-02
9.82194066e+04 1.10344507e-02
1.01335949e+05 1.07760041e-02
1.04551381e+05 1.05254475e-02
1.07868840e+05 1.02830028e-02
1.11291564e+05 1.00479612e-02
1.14822892e+05 9.82006854e-03
1.18466270e+05 9.59928569e-03
1.22225254e+05 9.38558708e-03
1.26103512e+05 9.17841926e-03
1.30104830e+05 8.97754275e-03
1.34233110e+05 8.78323761e-03
1.38492383e+05 8.59494419e-03
1.42886804e+05 8.41238953e-03
1.47420662e+05 8.23565239e-03
1.52098381e+05 8.06456340e-03
1.56924526e+05 7.89876000e-03
1.61903807e+05 7.73804984e-03
1.67041083e+05 7.58268632e-03
1.72341366e+05 7.43212390e-03
1.77809829e+05 7.28623883e-03
1.83451810e+05 7.14506723e-03
1.89272812e+05 7.00843017e-03
1.95278518e+05 6.87607215e-03
2.01474787e+05 6.74786429e-03
2.07867666e+05 6.62394018e-03
2.14463394e+05 6.50392602e-03
2.21268407e+05 6.38768800e-03
2.28289346e+05 6.27527331e-03
2.35533062e+05 6.16653778e-03
2.43006624e+05 6.06123116e-03
2.50717326e+05 5.95933187e-03
2.58672691e+05 5.86088575e-03
2.66880484e+05 5.76557977e-03
2.75348713e+05 5.67334047e-03
2.84085643e+05 5.58422927e-03
2.93099799e+05 5.49805766e-03
3.02399978e+05 5.41468175e-03
3.11995256e+05 5.33406251e-03
3.21894996e+05 5.25622742e-03
3.32108858e+05 5.18094858e-03
3.42646811e+05 5.10814447e-03
3.53519138e+05 5.03787681e-03
3.64736447e+05 4.96998246e-03
3.76309687e+05 4.90435286e-03
3.88250151e+05 4.84096801e-03
4.00569490e+05 4.77982494e-03
4.13279728e+05 4.72074220e-03
4.26393266e+05 4.66367259e-03
4.39922903e+05 4.60866096e-03
4.53881840e+05 4.55556174e-03
4.68283700e+05 4.50429537e-03
4.83142538e+05 4.45484402e-03
4.98472852e+05 4.40719457e-03
5.14289604e+05 4.36120887e-03
5.30608228e+05 4.31684380e-03
5.47444649e+05 4.27414870e-03
5.64815296e+05 4.23296021e-03
5.82737122e+05 4.19324607e-03
6.01227614e+05 4.15499032e-03
6.20304817e+05 4.11815954e-03
6.39987348e+05 4.08264485e-03
6.60294414e+05 4.04841515e-03
6.81245832e+05 4.01550345e-03
7.02862047e+05 3.98378459e-03
7.25164153e+05 3.95320929e-03
7.48173914e+05 3.92380179e-03
7.71913785e+05 3.89550256e-03
7.96406932e+05 3.86824694e-03
8.21677257e+05 3.84201990e-03
8.47749419e+05 3.81682784e-03
8.74648863e+05 3.79260088e-03
9.02401837e+05 3.76929998e-03
9.31035424e+05 3.74694613e-03
9.60577567e+05 3.72548370e-03
9.91057094e+05 3.70488566e-03
1.02250375e+06 3.68694033e-03
1.05494822e+06 3.66800676e-03
1.08842217e+06 3.64985441e-03
1.12295826e+06 3.63245204e-03
1.15859019e+06 3.61579491e-03
1.19535274e+06 3.59984335e-03
1.23328179e+06 3.58454748e-03
1.27241433e+06 3.56989891e-03
1.31278857e+06 3.55589825e-03
1.35444390e+06 3.54246306e-03
1.39742097e+06 3.52959493e-03
1.44176172e+06 3.51730270e-03
1.48750942e+06 3.50554224e-03
1.53470872e+06 3.49429468e-03
1.58340567e+06 3.48354554e-03
1.63364779e+06 3.47328982e-03
1.68548412e+06 3.46350185e-03
1.73896523e+06 3.45417620e-03
1.79414333e+06 3.44532759e-03
1.85107224e+06 3.43691257e-03
1.90980754e+06 3.42891796e-03
1.97040653e+06 3.42133639e-03
2.03292835e+06 3.41414081e-03
2.09743402e+06 3.40728325e-03
2.16398648e+06 3.40074856e-03
2.23265067e+06 3.39454756e-03
2.30349361e+06 3.38863469e-03
2.37658442e+06 3.38303109e-03
2.45199444e+06 3.37774408e-03
2.52979725e+06 3.37276223e-03
2.61006877e+06 3.36805689e-03
2.69288735e+06 3.36359889e-03
2.77833379e+06 3.35938633e-03
2.86649148e+06 3.35537290e-03
2.95744645e+06 3.35153851e-03
3.05128746e+06 3.34787761e-03
3.14810609e+06 3.34439393e-03
3.24799681e+06 3.34108053e-03
3.35105710e+06 3.33794801e-03
3.45738755e+06 3.33495830e-03
3.56709190e+06 3.33207477e-03
3.68027721e+06 3.32926681e-03
3.79705395e+06 3.32655528e-03
3.91753605e+06 3.32393643e-03
4.04184111e+06 3.32141572e-03
4.17009042e+06 3.31900310e-03
4.30240913e+06 3.31666558e-03
4.43892637e+06 3.31437705e-03
4.57977535e+06 3.31214082e-03
4.72509354e+06 3.31000550e-03
4.87502273e+06 3.30797141e-03
5.02970924e+06 3.30602115e-03
5.18930401e+06 3.30411529e-03
5.35396280e+06 3.30228194e-03
5.52384627e+06 3.30056082e-03
5.69912022e+06 3.29896403e-03
5.87995569e+06 3.29741696e-03
6.06652914e+06 3.29592208e-03
6.25902264e+06 3.29457501e-03
6.45762405e+06 3.29336522e-03
6.66252716e+06 3.29217848e-03
6.87393193e+06 3.29112281e-03
7.09204466e+06 3.29027510e-03
7.31707820e+06 3.28943583e-03
7.54925214e+06 3.28881328e-03
7.78879307e+06 3.28832157e-03
8.03593473e+06 3.28795095e-03
8.29091829e+06 3.28774323e-03
8.55399259e+06 3.28764507e-03
8.82541435e+06 3.28762000e-03
9.10544844e+06 3.28767334e-03
9.39436812e+06 3.28771378e-03
9.69245534e+06 3.28771822e-03
1.00000010e+07 3.28763000e-03
